0 0.672363 0.352855 0.047852 0.079063 -1 -1 -1 -1 -1 -1 -1 -1 -1 -1
0 0.843750 0.413616 0.031250 0.051245 -1 -1 -1 -1 -1 -1 -1 -1 -1 -1
0 0.879883 0.353587 0.023438 0.036603 -1 -1 -1 -1 -1 -1 -1 -1 -1 -1
0 0.459961 0.278184 0.048828 0.087848 -1 -1 -1 -1 -1 -1 -1 -1 -1 -1
0 0.167480 0.391654 0.028320 0.039531 -1 -1 -1 -1 -1 -1 -1 -1 -1 -1
0 0.086914 0.365300 0.019531 0.033675 -1 -1 -1 -1 -1 -1 -1 -1 -1 -1
0 0.255859 0.413616 0.019531 0.030747 -1 -1 -1 -1 -1 -1 -1 -1 -1 -1
0 0.297852 0.393851 0.011719 0.020498 -1 -1 -1 -1 -1 -1 -1 -1 -1 -1
0 0.230469 0.404832 0.011719 0.019034 -1 -1 -1 -1 -1 -1 -1 -1 -1 -1
0 0.534668 0.420205 0.020508 0.029283 -1 -1 -1 -1 -1 -1 -1 -1 -1 -1
0 0.754395 0.395315 0.024414 0.038067 -1 -1 -1 -1 -1 -1 -1 -1 -1 -1
0 0.938965 0.381406 0.016602 0.030747 -1 -1 -1 -1 -1 -1 -1 -1 -1 -1