0 0.072754 0.286550 0.018555 0.032164 -1 -1 -1 -1 -1 -1 -1 -1 -1 -1
0 0.104980 0.239766 0.008789 0.008772 -1 -1 -1 -1 -1 -1 -1 -1 -1 -1
0 0.124023 0.304094 0.005859 0.014620 -1 -1 -1 -1 -1 -1 -1 -1 -1 -1
0 0.152344 0.287281 0.015625 0.033626 -1 -1 -1 -1 -1 -1 -1 -1 -1 -1
0 0.216797 0.323830 0.021484 0.045322 -1 -1 -1 -1 -1 -1 -1 -1 -1 -1
0 0.282227 0.296053 0.011719 0.024854 -1 -1 -1 -1 -1 -1 -1 -1 -1 -1
0 0.329590 0.242690 0.004883 0.008772 -1 -1 -1 -1 -1 -1 -1 -1 -1 -1
0 0.343262 0.278509 0.002930 0.007310 -1 -1 -1 -1 -1 -1 -1 -1 -1 -1
0 0.374512 0.252924 0.022461 0.055556 -1 -1 -1 -1 -1 -1 -1 -1 -1 -1
0 0.458984 0.282895 0.017578 0.027778 -1 -1 -1 -1 -1 -1 -1 -1 -1 -1
0 0.552246 0.239035 0.036133 0.062865 -1 -1 -1 -1 -1 -1 -1 -1 -1 -1
0 0.413086 0.271930 0.003906 0.005848 -1 -1 -1 -1 -1 -1 -1 -1 -1 -1
0 0.429688 0.271930 0.003906 0.008772 -1 -1 -1 -1 -1 -1 -1 -1 -1 -1
0 0.634766 0.311404 0.011719 0.017544 -1 -1 -1 -1 -1 -1 -1 -1 -1 -1
0 0.672363 0.296053 0.010742 0.019006 -1 -1 -1 -1 -1 -1 -1 -1 -1 -1
0 0.727051 0.230263 0.026367 0.048246 -1 -1 -1 -1 -1 -1 -1 -1 -1 -1
0 0.839355 0.273392 0.016602 0.026316 -1 -1 -1 -1 -1 -1 -1 -1 -1 -1
0 0.820312 0.292398 0.009766 0.011696 -1 -1 -1 -1 -1 -1 -1 -1 -1 -1
0 0.895996 0.296053 0.008789 0.016082 -1 -1 -1 -1 -1 -1 -1 -1 -1 -1
0 0.925293 0.309211 0.010742 0.016082 -1 -1 -1 -1 -1 -1 -1 -1 -1 -1
0 0.953125 0.304094 0.007812 0.011696 -1 -1 -1 -1 -1 -1 -1 -1 -1 -1
0 0.976562 0.304094 0.007812 0.011696 -1 -1 -1 -1 -1 -1 -1 -1 -1 -1
0 0.198730 0.298977 0.006836 0.013158 -1 -1 -1 -1 -1 -1 -1 -1 -1 -1