0 0.964844 0.592226 0.003906 0.010671 -1 -1 -1 -1 -1 -1 -1 -1 -1 -1
0 0.963379 0.645579 0.004883 0.010671 -1 -1 -1 -1 -1 -1 -1 -1 -1 -1
0 0.974609 0.594512 0.003906 0.009146 -1 -1 -1 -1 -1 -1 -1 -1 -1 -1
0 0.851074 0.592988 0.008789 0.018293 -1 -1 -1 -1 -1 -1 -1 -1 -1 -1
0 0.806152 0.555640 0.006836 0.010671 -1 -1 -1 -1 -1 -1 -1 -1 -1 -1
0 0.771973 0.592988 0.008789 0.018293 -1 -1 -1 -1 -1 -1 -1 -1 -1 -1
0 0.757812 0.548780 0.007812 0.009146 -1 -1 -1 -1 -1 -1 -1 -1 -1 -1
0 0.722656 0.585366 0.009766 0.018293 -1 -1 -1 -1 -1 -1 -1 -1 -1 -1
0 0.699219 0.526677 0.007812 0.016768 -1 -1 -1 -1 -1 -1 -1 -1 -1 -1
0 0.645508 0.569360 0.007812 0.013720 -1 -1 -1 -1 -1 -1 -1 -1 -1 -1
0 0.627930 0.619665 0.003906 0.010671 -1 -1 -1 -1 -1 -1 -1 -1 -1 -1
0 0.599609 0.631098 0.005859 0.012195 -1 -1 -1 -1 -1 -1 -1 -1 -1 -1
0 0.561035 0.634909 0.006836 0.013720 -1 -1 -1 -1 -1 -1 -1 -1 -1 -1
0 0.140137 0.572409 0.008789 0.016768 -1 -1 -1 -1 -1 -1 -1 -1 -1 -1
0 0.215332 0.537348 0.018555 0.041159 -1 -1 -1 -1 -1 -1 -1 -1 -1 -1
0 0.270508 0.562500 0.013672 0.033537 -1 -1 -1 -1 -1 -1 -1 -1 -1 -1
0 0.339844 0.563262 0.011719 0.022866 -1 -1 -1 -1 -1 -1 -1 -1 -1 -1
0 0.356445 0.580030 0.013672 0.028963 -1 -1 -1 -1 -1 -1 -1 -1 -1 -1
0 0.415039 0.557165 0.015625 0.035061 -1 -1 -1 -1 -1 -1 -1 -1 -1 -1
0 0.452637 0.596037 0.010742 0.021341 -1 -1 -1 -1 -1 -1 -1 -1 -1 -1
0 0.547363 0.620427 0.004883 0.009146 -1 -1 -1 -1 -1 -1 -1 -1 -1 -1