0 0.354004 0.327233 0.049805 0.077599 -1 -1 -1 -1 -1 -1 -1 -1 -1 -1
0 0.269043 0.431186 0.028320 0.045388 -1 -1 -1 -1 -1 -1 -1 -1 -1 -1
0 0.122070 0.420205 0.037109 0.055637 -1 -1 -1 -1 -1 -1 -1 -1 -1 -1
0 0.080078 0.418741 0.027344 0.046852 -1 -1 -1 -1 -1 -1 -1 -1 -1 -1
0 0.306152 0.402635 0.016602 0.023426 -1 -1 -1 -1 -1 -1 -1 -1 -1 -1
0 0.714355 0.335286 0.028320 0.052709 -1 -1 -1 -1 -1 -1 -1 -1 -1 -1
0 0.618652 0.378477 0.030273 0.051245 -1 -1 -1 -1 -1 -1 -1 -1 -1 -1
0 0.495117 0.429722 0.033203 0.057101 -1 -1 -1 -1 -1 -1 -1 -1 -1 -1
0 0.524902 0.353587 0.016602 0.027818 -1 -1 -1 -1 -1 -1 -1 -1 -1 -1
0 0.949707 0.382870 0.020508 0.033675 -1 -1 -1 -1 -1 -1 -1 -1 -1 -1
0 0.906250 0.392387 0.011719 0.014641 -1 -1 -1 -1 -1 -1 -1 -1 -1 -1