0 0.043457 0.237151 0.040039 0.071953 -1 -1 -1 -1 -1 -1 -1 -1 -1 -1
0 0.165527 0.238620 0.053711 0.095448 -1 -1 -1 -1 -1 -1 -1 -1 -1 -1
0 0.266113 0.290749 0.038086 0.073421 -1 -1 -1 -1 -1 -1 -1 -1 -1 -1
0 0.335938 0.244493 0.041016 0.066079 -1 -1 -1 -1 -1 -1 -1 -1 -1 -1
0 0.508789 0.328928 0.039062 0.079295 -1 -1 -1 -1 -1 -1 -1 -1 -1 -1
0 0.563965 0.328194 0.041992 0.083700 -1 -1 -1 -1 -1 -1 -1 -1 -1 -1
0 0.610840 0.332599 0.036133 0.074890 -1 -1 -1 -1 -1 -1 -1 -1 -1 -1
0 0.656250 0.250367 0.039062 0.069016 -1 -1 -1 -1 -1 -1 -1 -1 -1 -1
0 0.847656 0.290749 0.041016 0.070485 -1 -1 -1 -1 -1 -1 -1 -1 -1 -1
0 0.911133 0.348752 0.041016 0.077827 -1 -1 -1 -1 -1 -1 -1 -1 -1 -1
0 0.985352 0.301762 0.029297 0.074890 -1 -1 -1 -1 -1 -1 -1 -1 -1 -1