0 0.914062 0.436232 0.019531 0.034783 -1 -1 -1 -1 -1 -1 -1 -1 -1 -1
0 0.825684 0.468841 0.006836 0.013043 -1 -1 -1 -1 -1 -1 -1 -1 -1 -1
0 0.802246 0.486957 0.004883 0.008696 -1 -1 -1 -1 -1 -1 -1 -1 -1 -1
0 0.810547 0.449275 0.007812 0.014493 -1 -1 -1 -1 -1 -1 -1 -1 -1 -1
0 0.879395 0.420290 0.006836 0.014493 -1 -1 -1 -1 -1 -1 -1 -1 -1 -1
0 0.935059 0.409420 0.006836 0.013043 -1 -1 -1 -1 -1 -1 -1 -1 -1 -1
0 0.827148 0.427536 0.005859 0.011594 -1 -1 -1 -1 -1 -1 -1 -1 -1 -1
0 0.837402 0.414493 0.006836 0.014493 -1 -1 -1 -1 -1 -1 -1 -1 -1 -1
0 0.817871 0.427536 0.006836 0.011594 -1 -1 -1 -1 -1 -1 -1 -1 -1 -1
0 0.792969 0.424638 0.005859 0.011594 -1 -1 -1 -1 -1 -1 -1 -1 -1 -1
0 0.805176 0.418116 0.004883 0.010145 -1 -1 -1 -1 -1 -1 -1 -1 -1 -1
0 0.663574 0.457246 0.018555 0.036232 -1 -1 -1 -1 -1 -1 -1 -1 -1 -1
0 0.707520 0.459420 0.004883 0.011594 -1 -1 -1 -1 -1 -1 -1 -1 -1 -1
0 0.707520 0.440580 0.004883 0.011594 -1 -1 -1 -1 -1 -1 -1 -1 -1 -1
0 0.730469 0.427536 0.005859 0.008696 -1 -1 -1 -1 -1 -1 -1 -1 -1 -1
0 0.725098 0.420290 0.004883 0.011594 -1 -1 -1 -1 -1 -1 -1 -1 -1 -1
0 0.703613 0.439855 0.004883 0.013043 -1 -1 -1 -1 -1 -1 -1 -1 -1 -1
0 0.687988 0.442754 0.006836 0.015942 -1 -1 -1 -1 -1 -1 -1 -1 -1 -1
0 0.631836 0.437681 0.005859 0.011594 -1 -1 -1 -1 -1 -1 -1 -1 -1 -1
0 0.668945 0.439130 0.005859 0.011594 -1 -1 -1 -1 -1 -1 -1 -1 -1 -1
0 0.591797 0.440580 0.005859 0.011594 -1 -1 -1 -1 -1 -1 -1 -1 -1 -1
0 0.564941 0.439130 0.004883 0.011594 -1 -1 -1 -1 -1 -1 -1 -1 -1 -1
0 0.604492 0.497826 0.005859 0.010145 -1 -1 -1 -1 -1 -1 -1 -1 -1 -1
0 0.527832 0.456522 0.012695 0.028986 -1 -1 -1 -1 -1 -1 -1 -1 -1 -1
0 0.450195 0.473913 0.015625 0.031884 -1 -1 -1 -1 -1 -1 -1 -1 -1 -1
0 0.387207 0.444203 0.018555 0.027536 -1 -1 -1 -1 -1 -1 -1 -1 -1 -1
0 0.352539 0.457971 0.011719 0.020290 -1 -1 -1 -1 -1 -1 -1 -1 -1 -1
0 0.506836 0.428261 0.005859 0.013043 -1 -1 -1 -1 -1 -1 -1 -1 -1 -1
0 0.493652 0.431159 0.004883 0.010145 -1 -1 -1 -1 -1 -1 -1 -1 -1 -1
0 0.483887 0.439130 0.006836 0.011594 -1 -1 -1 -1 -1 -1 -1 -1 -1 -1
0 0.462402 0.445652 0.004883 0.010145 -1 -1 -1 -1 -1 -1 -1 -1 -1 -1
0 0.214844 0.487681 0.017578 0.030435 -1 -1 -1 -1 -1 -1 -1 -1 -1 -1
0 0.164062 0.473913 0.011719 0.023188 -1 -1 -1 -1 -1 -1 -1 -1 -1 -1
0 0.179688 0.468841 0.011719 0.018841 -1 -1 -1 -1 -1 -1 -1 -1 -1 -1
0 0.122559 0.482609 0.014648 0.023188 -1 -1 -1 -1 -1 -1 -1 -1 -1 -1
0 0.085449 0.486232 0.010742 0.018841 -1 -1 -1 -1 -1 -1 -1 -1 -1 -1
0 0.048828 0.467391 0.009766 0.015942 -1 -1 -1 -1 -1 -1 -1 -1 -1 -1
0 0.033203 0.479710 0.015625 0.026087 -1 -1 -1 -1 -1 -1 -1 -1 -1 -1
0 0.308105 0.476087 0.016602 0.033333 -1 -1 -1 -1 -1 -1 -1 -1 -1 -1
0 0.317383 0.468841 0.011719 0.024638 -1 -1 -1 -1 -1 -1 -1 -1 -1 -1
0 0.331543 0.464493 0.004883 0.010145 -1 -1 -1 -1 -1 -1 -1 -1 -1 -1