0 0.750488 0.640025 0.041992 0.045849 -1 -1 -1 -1 -1 -1 -1 -1 -1 -1
0 0.776367 0.916357 0.052734 0.092937 -1 -1 -1 -1 -1 -1 -1 -1 -1 -1
0 0.947754 0.873606 0.014648 0.029740 -1 -1 -1 -1 -1 -1 -1 -1 -1 -1
0 0.854980 0.912639 0.014648 0.026022 -1 -1 -1 -1 -1 -1 -1 -1 -1 -1
0 0.562988 0.917596 0.026367 0.068154 -1 -1 -1 -1 -1 -1 -1 -1 -1 -1
0 0.653320 0.916357 0.027344 0.055762 -1 -1 -1 -1 -1 -1 -1 -1 -1 -1
0 0.524414 0.872986 0.017578 0.035936 -1 -1 -1 -1 -1 -1 -1 -1 -1 -1
0 0.234863 0.899628 0.028320 0.052045 -1 -1 -1 -1 -1 -1 -1 -1 -1 -1
0 0.142090 0.876704 0.016602 0.026022 -1 -1 -1 -1 -1 -1 -1 -1 -1 -1
0 0.185547 0.874226 0.011719 0.023544 -1 -1 -1 -1 -1 -1 -1 -1 -1 -1
0 0.157715 0.864932 0.010742 0.019827 -1 -1 -1 -1 -1 -1 -1 -1 -1 -1
0 0.125000 0.880421 0.011719 0.018587 -1 -1 -1 -1 -1 -1 -1 -1 -1 -1
0 0.056641 0.888476 0.013672 0.027261 -1 -1 -1 -1 -1 -1 -1 -1 -1 -1
0 0.011230 0.949814 0.022461 0.058240 -1 -1 -1 -1 -1 -1 -1 -1 -1 -1
0 0.688965 0.889095 0.014648 0.021066 -1 -1 -1 -1 -1 -1 -1 -1 -1 -1
0 0.914551 0.941760 0.020508 0.034696 -1 -1 -1 -1 -1 -1 -1 -1 -1 -1