0 0.028809 0.281542 0.041992 0.091121 -1 -1 -1 -1 -1 -1 -1 -1 -1 -1
0 0.171875 0.322430 0.039062 0.074766 -1 -1 -1 -1 -1 -1 -1 -1 -1 -1
0 0.150391 0.536215 0.042969 0.123832 -1 -1 -1 -1 -1 -1 -1 -1 -1 -1
0 0.243652 0.267523 0.026367 0.067757 -1 -1 -1 -1 -1 -1 -1 -1 -1 -1
0 0.371094 0.308411 0.039062 0.093458 -1 -1 -1 -1 -1 -1 -1 -1 -1 -1
0 0.437988 0.232477 0.038086 0.081776 -1 -1 -1 -1 -1 -1 -1 -1 -1 -1
0 0.416016 0.459112 0.048828 0.156542 -1 -1 -1 -1 -1 -1 -1 -1 -1 -1
0 0.549316 0.251168 0.030273 0.091121 -1 -1 -1 -1 -1 -1 -1 -1 -1 -1
0 0.695312 0.125000 0.035156 0.100467 -1 -1 -1 -1 -1 -1 -1 -1 -1 -1
0 0.693359 0.378505 0.039062 0.135514 -1 -1 -1 -1 -1 -1 -1 -1 -1 -1
0 0.857910 0.140187 0.038086 0.098131 -1 -1 -1 -1 -1 -1 -1 -1 -1 -1
0 0.933105 0.390187 0.028320 0.093458 -1 -1 -1 -1 -1 -1 -1 -1 -1 -1
0 0.337402 0.274533 0.016602 0.044393 -1 -1 -1 -1 -1 -1 -1 -1 -1 -1