0 0.027832 0.522431 0.008789 0.014472 -1 -1 -1 -1 -1 -1 -1 -1 -1 -1
0 0.039062 0.532562 0.009766 0.017366 -1 -1 -1 -1 -1 -1 -1 -1 -1 -1
0 0.066895 0.500000 0.010742 0.015919 -1 -1 -1 -1 -1 -1 -1 -1 -1 -1
0 0.077637 0.517366 0.008789 0.018813 -1 -1 -1 -1 -1 -1 -1 -1 -1 -1
0 0.124512 0.500000 0.012695 0.024602 -1 -1 -1 -1 -1 -1 -1 -1 -1 -1
0 0.134277 0.501447 0.006836 0.013025 -1 -1 -1 -1 -1 -1 -1 -1 -1 -1
0 0.158203 0.518813 0.009766 0.018813 -1 -1 -1 -1 -1 -1 -1 -1 -1 -1
0 0.146973 0.506512 0.008789 0.020260 -1 -1 -1 -1 -1 -1 -1 -1 -1 -1
0 0.176270 0.512301 0.012695 0.028944 -1 -1 -1 -1 -1 -1 -1 -1 -1 -1
0 0.181152 0.496382 0.010742 0.020260 -1 -1 -1 -1 -1 -1 -1 -1 -1 -1
0 0.198242 0.514472 0.013672 0.027496 -1 -1 -1 -1 -1 -1 -1 -1 -1 -1
0 0.228027 0.492764 0.018555 0.033285 -1 -1 -1 -1 -1 -1 -1 -1 -1 -1
0 0.252930 0.497829 0.009766 0.014472 -1 -1 -1 -1 -1 -1 -1 -1 -1 -1
0 0.377441 0.515919 0.012695 0.030391 -1 -1 -1 -1 -1 -1 -1 -1 -1 -1
0 0.389160 0.499276 0.014648 0.031838 -1 -1 -1 -1 -1 -1 -1 -1 -1 -1
0 0.410156 0.494935 0.013672 0.028944 -1 -1 -1 -1 -1 -1 -1 -1 -1 -1
0 0.435547 0.490593 0.009766 0.020260 -1 -1 -1 -1 -1 -1 -1 -1 -1 -1
0 0.445801 0.548480 0.016602 0.031838 -1 -1 -1 -1 -1 -1 -1 -1 -1 -1
0 0.475586 0.539797 0.015625 0.034732 -1 -1 -1 -1 -1 -1 -1 -1 -1 -1
0 0.480957 0.495658 0.008789 0.021708 -1 -1 -1 -1 -1 -1 -1 -1 -1 -1
0 0.512207 0.502171 0.008789 0.023155 -1 -1 -1 -1 -1 -1 -1 -1 -1 -1
0 0.519531 0.510130 0.009766 0.021708 -1 -1 -1 -1 -1 -1 -1 -1 -1 -1
0 0.546387 0.521708 0.018555 0.036179 -1 -1 -1 -1 -1 -1 -1 -1 -1 -1
0 0.528320 0.576700 0.017578 0.044863 -1 -1 -1 -1 -1 -1 -1 -1 -1 -1
0 0.577637 0.484081 0.010742 0.021708 -1 -1 -1 -1 -1 -1 -1 -1 -1 -1
0 0.607422 0.484081 0.009766 0.021708 -1 -1 -1 -1 -1 -1 -1 -1 -1 -1
0 0.609863 0.549928 0.018555 0.037627 -1 -1 -1 -1 -1 -1 -1 -1 -1 -1
0 0.626953 0.489146 0.009766 0.026049 -1 -1 -1 -1 -1 -1 -1 -1 -1 -1
0 0.664062 0.510130 0.019531 0.036179 -1 -1 -1 -1 -1 -1 -1 -1 -1 -1
0 0.755371 0.459479 0.018555 0.041968 -1 -1 -1 -1 -1 -1 -1 -1 -1 -1
0 0.767578 0.471056 0.013672 0.030391 -1 -1 -1 -1 -1 -1 -1 -1 -1 -1
0 0.758301 0.544863 0.016602 0.047757 -1 -1 -1 -1 -1 -1 -1 -1 -1 -1
0 0.892578 0.526049 0.021484 0.044863 -1 -1 -1 -1 -1 -1 -1 -1 -1 -1
0 0.971680 0.500000 0.015625 0.030391 -1 -1 -1 -1 -1 -1 -1 -1 -1 -1