0 0.052734 0.593866 0.037109 0.039033 -1 -1 -1 -1 -1 -1 -1 -1 -1 -1
0 0.432617 0.480019 0.039062 0.045539 -1 -1 -1 -1 -1 -1 -1 -1 -1 -1
0 0.470703 0.490242 0.025391 0.030669 -1 -1 -1 -1 -1 -1 -1 -1 -1 -1
0 0.495605 0.537639 0.030273 0.041822 -1 -1 -1 -1 -1 -1 -1 -1 -1 -1
0 0.585938 0.474442 0.021484 0.026952 -1 -1 -1 -1 -1 -1 -1 -1 -1 -1
0 0.522461 0.500929 0.015625 0.020446 -1 -1 -1 -1 -1 -1 -1 -1 -1 -1
0 0.657227 0.540892 0.035156 0.040892 -1 -1 -1 -1 -1 -1 -1 -1 -1 -1
0 0.754883 0.494888 0.029297 0.036245 -1 -1 -1 -1 -1 -1 -1 -1 -1 -1
0 0.748047 0.565520 0.033203 0.043680 -1 -1 -1 -1 -1 -1 -1 -1 -1 -1
0 0.817383 0.516264 0.035156 0.039963 -1 -1 -1 -1 -1 -1 -1 -1 -1 -1
0 0.901855 0.531134 0.032227 0.039963 -1 -1 -1 -1 -1 -1 -1 -1 -1 -1
0 0.750000 0.720725 0.033203 0.036245 -1 -1 -1 -1 -1 -1 -1 -1 -1 -1