0 0.451660 0.483163 0.049805 0.084919 -1 -1 -1 -1 -1 -1 -1 -1 -1 -1
0 0.172363 0.510249 0.020508 0.027818 -1 -1 -1 -1 -1 -1 -1 -1 -1 -1
0 0.021973 0.493411 0.004883 0.005857 -1 -1 -1 -1 -1 -1 -1 -1 -1 -1
0 0.062500 0.496340 0.003906 0.008785 -1 -1 -1 -1 -1 -1 -1 -1 -1 -1
0 0.040039 0.493411 0.003906 0.005857 -1 -1 -1 -1 -1 -1 -1 -1 -1 -1
0 0.089844 0.495608 0.003906 0.007321 -1 -1 -1 -1 -1 -1 -1 -1 -1 -1
0 0.107422 0.495608 0.003906 0.007321 -1 -1 -1 -1 -1 -1 -1 -1 -1 -1
0 0.116699 0.488287 0.004883 0.007321 -1 -1 -1 -1 -1 -1 -1 -1 -1 -1
0 0.290527 0.437775 0.036133 0.064422 -1 -1 -1 -1 -1 -1 -1 -1 -1 -1
0 0.235840 0.504392 0.024414 0.030747 -1 -1 -1 -1 -1 -1 -1 -1 -1 -1
0 0.366699 0.486091 0.008789 0.014641 -1 -1 -1 -1 -1 -1 -1 -1 -1 -1
0 0.554199 0.495608 0.024414 0.036603 -1 -1 -1 -1 -1 -1 -1 -1 -1 -1
0 0.673828 0.477306 0.023438 0.040996 -1 -1 -1 -1 -1 -1 -1 -1 -1 -1
0 0.736816 0.491947 0.036133 0.052709 -1 -1 -1 -1 -1 -1 -1 -1 -1 -1
0 0.786133 0.480234 0.019531 0.035139 -1 -1 -1 -1 -1 -1 -1 -1 -1 -1
0 0.868652 0.437775 0.030273 0.043924 -1 -1 -1 -1 -1 -1 -1 -1 -1 -1
0 0.944824 0.463397 0.024414 0.039531 -1 -1 -1 -1 -1 -1 -1 -1 -1 -1
0 0.502441 0.485359 0.008789 0.019034 -1 -1 -1 -1 -1 -1 -1 -1 -1 -1
0 0.514648 0.482430 0.009766 0.016105 -1 -1 -1 -1 -1 -1 -1 -1 -1 -1
0 0.610840 0.472182 0.008789 0.019034 -1 -1 -1 -1 -1 -1 -1 -1 -1 -1
0 0.622070 0.463397 0.005859 0.013177 -1 -1 -1 -1 -1 -1 -1 -1 -1 -1