0 0.299805 0.334635 0.048828 0.070312 -1 -1 -1 -1 -1 -1 -1 -1 -1 -1
0 0.167969 0.319010 0.054688 0.083333 -1 -1 -1 -1 -1 -1 -1 -1 -1 -1
0 0.436523 0.348307 0.050781 0.082031 -1 -1 -1 -1 -1 -1 -1 -1 -1 -1
0 0.426270 0.300130 0.047852 0.069010 -1 -1 -1 -1 -1 -1 -1 -1 -1 -1
0 0.534668 0.309245 0.032227 0.058594 -1 -1 -1 -1 -1 -1 -1 -1 -1 -1
0 0.584473 0.250000 0.090820 0.132812 -1 -1 -1 -1 -1 -1 -1 -1 -1 -1
0 0.390137 0.276042 0.030273 0.052083 -1 -1 -1 -1 -1 -1 -1 -1 -1 -1
0 0.977051 0.308594 0.045898 0.085938 -1 -1 -1 -1 -1 -1 -1 -1 -1 -1
0 0.845703 0.305339 0.062500 0.095052 -1 -1 -1 -1 -1 -1 -1 -1 -1 -1
0 0.756348 0.294271 0.051758 0.078125 -1 -1 -1 -1 -1 -1 -1 -1 -1 -1
0 0.778320 0.210286 0.048828 0.074219 -1 -1 -1 -1 -1 -1 -1 -1 -1 -1
0 0.951660 0.262370 0.041992 0.082031 -1 -1 -1 -1 -1 -1 -1 -1 -1 -1
0 0.149414 0.265625 0.027344 0.041667 -1 -1 -1 -1 -1 -1 -1 -1 -1 -1