0 0.406738 0.416058 0.028320 0.052555 -1 -1 -1 -1 -1 -1 -1 -1 -1 -1
0 0.312988 0.423358 0.026367 0.043796 -1 -1 -1 -1 -1 -1 -1 -1 -1 -1
0 0.273438 0.428467 0.015625 0.024818 -1 -1 -1 -1 -1 -1 -1 -1 -1 -1
0 0.212402 0.445255 0.034180 0.067153 -1 -1 -1 -1 -1 -1 -1 -1 -1 -1
0 0.174316 0.446715 0.026367 0.043796 -1 -1 -1 -1 -1 -1 -1 -1 -1 -1
0 0.145508 0.385401 0.015625 0.023358 -1 -1 -1 -1 -1 -1 -1 -1 -1 -1
0 0.090820 0.416058 0.017578 0.035036 -1 -1 -1 -1 -1 -1 -1 -1 -1 -1
0 0.468750 0.321898 0.191406 0.325547 -1 -1 -1 -1 -1 -1 -1 -1 -1 -1
0 0.904785 0.414599 0.016602 0.023358 -1 -1 -1 -1 -1 -1 -1 -1 -1 -1
0 0.870117 0.429927 0.023438 0.042336 -1 -1 -1 -1 -1 -1 -1 -1 -1 -1
0 0.767090 0.441606 0.020508 0.030657 -1 -1 -1 -1 -1 -1 -1 -1 -1 -1
0 0.724121 0.437956 0.024414 0.035036 -1 -1 -1 -1 -1 -1 -1 -1 -1 -1
0 0.650879 0.436496 0.022461 0.035036 -1 -1 -1 -1 -1 -1 -1 -1 -1 -1
0 0.770020 0.556204 0.030273 0.052555 -1 -1 -1 -1 -1 -1 -1 -1 -1 -1
0 0.722168 0.548175 0.030273 0.056934 -1 -1 -1 -1 -1 -1 -1 -1 -1 -1
0 0.781250 0.413139 0.009766 0.020438 -1 -1 -1 -1 -1 -1 -1 -1 -1 -1
0 0.011719 0.448905 0.023438 0.059854 -1 -1 -1 -1 -1 -1 -1 -1 -1 -1
0 0.077637 0.431387 0.008789 0.018978 -1 -1 -1 -1 -1 -1 -1 -1 -1 -1