0 0.078613 0.485380 0.129883 0.286550 -1 -1 -1 -1 -1 -1 -1 -1 -1 -1
0 0.153809 0.629386 0.094727 0.226608 -1 -1 -1 -1 -1 -1 -1 -1 -1 -1
0 0.178223 0.540936 0.041992 0.119883 -1 -1 -1 -1 -1 -1 -1 -1 -1 -1
0 0.222168 0.476608 0.034180 0.090643 -1 -1 -1 -1 -1 -1 -1 -1 -1 -1
0 0.272949 0.467105 0.034180 0.080409 -1 -1 -1 -1 -1 -1 -1 -1 -1 -1
0 0.306641 0.402778 0.035156 0.068713 -1 -1 -1 -1 -1 -1 -1 -1 -1 -1
0 0.323242 0.414474 0.027344 0.062865 -1 -1 -1 -1 -1 -1 -1 -1 -1 -1
0 0.395020 0.408626 0.026367 0.057018 -1 -1 -1 -1 -1 -1 -1 -1 -1 -1
0 0.440918 0.385234 0.024414 0.054094 -1 -1 -1 -1 -1 -1 -1 -1 -1 -1
0 0.480469 0.420322 0.021484 0.045322 -1 -1 -1 -1 -1 -1 -1 -1 -1 -1
0 0.488281 0.396930 0.015625 0.030702 -1 -1 -1 -1 -1 -1 -1 -1 -1 -1
0 0.526367 0.401316 0.019531 0.042398 -1 -1 -1 -1 -1 -1 -1 -1 -1 -1
0 0.540527 0.410819 0.018555 0.043860 -1 -1 -1 -1 -1 -1 -1 -1 -1 -1
0 0.567871 0.413743 0.018555 0.040936 -1 -1 -1 -1 -1 -1 -1 -1 -1 -1
0 0.576172 0.393275 0.019531 0.040936 -1 -1 -1 -1 -1 -1 -1 -1 -1 -1
0 0.636230 0.388158 0.022461 0.036550 -1 -1 -1 -1 -1 -1 -1 -1 -1 -1
0 0.670410 0.390351 0.018555 0.035088 -1 -1 -1 -1 -1 -1 -1 -1 -1 -1
0 0.702148 0.404240 0.021484 0.036550 -1 -1 -1 -1 -1 -1 -1 -1 -1 -1
0 0.771484 0.377193 0.017578 0.040936 -1 -1 -1 -1 -1 -1 -1 -1 -1 -1
0 0.822266 0.396199 0.019531 0.035088 -1 -1 -1 -1 -1 -1 -1 -1 -1 -1
0 0.842773 0.391082 0.017578 0.033626 -1 -1 -1 -1 -1 -1 -1 -1 -1 -1
0 0.876953 0.399854 0.015625 0.036550 -1 -1 -1 -1 -1 -1 -1 -1 -1 -1
0 0.122070 0.442251 0.056641 0.153509 -1 -1 -1 -1 -1 -1 -1 -1 -1 -1
0 0.786133 0.413743 0.017578 0.040936 -1 -1 -1 -1 -1 -1 -1 -1 -1 -1
0 0.719238 0.414474 0.014648 0.036550 -1 -1 -1 -1 -1 -1 -1 -1 -1 -1