0 0.765625 0.306735 0.025391 0.042460 -1 -1 -1 -1 -1 -1 -1 -1 -1 -1
0 0.777344 0.280381 0.017578 0.033675 -1 -1 -1 -1 -1 -1 -1 -1 -1 -1
0 0.798340 0.335286 0.018555 0.035139 -1 -1 -1 -1 -1 -1 -1 -1 -1 -1
0 0.722656 0.319180 0.021484 0.040996 -1 -1 -1 -1 -1 -1 -1 -1 -1 -1
0 0.708008 0.272328 0.019531 0.032211 -1 -1 -1 -1 -1 -1 -1 -1 -1 -1
0 0.673828 0.291362 0.019531 0.038067 -1 -1 -1 -1 -1 -1 -1 -1 -1 -1
0 0.634277 0.266471 0.020508 0.035139 -1 -1 -1 -1 -1 -1 -1 -1 -1 -1
0 0.604004 0.240117 0.024414 0.040996 -1 -1 -1 -1 -1 -1 -1 -1 -1 -1
0 0.558594 0.247438 0.023438 0.043924 -1 -1 -1 -1 -1 -1 -1 -1 -1 -1
0 0.508301 0.260615 0.026367 0.046852 -1 -1 -1 -1 -1 -1 -1 -1 -1 -1
0 0.494141 0.226940 0.023438 0.043924 -1 -1 -1 -1 -1 -1 -1 -1 -1 -1
0 0.458984 0.235725 0.019531 0.040996 -1 -1 -1 -1 -1 -1 -1 -1 -1 -1
0 0.437500 0.235725 0.021484 0.049780 -1 -1 -1 -1 -1 -1 -1 -1 -1 -1
0 0.415527 0.278917 0.022461 0.048316 -1 -1 -1 -1 -1 -1 -1 -1 -1 -1
0 0.342773 0.284773 0.025391 0.057101 -1 -1 -1 -1 -1 -1 -1 -1 -1 -1
0 0.357910 0.387262 0.026367 0.054173 -1 -1 -1 -1 -1 -1 -1 -1 -1 -1
0 0.453613 0.361640 0.026367 0.049780 -1 -1 -1 -1 -1 -1 -1 -1 -1 -1
0 0.489258 0.419473 0.027344 0.045388 -1 -1 -1 -1 -1 -1 -1 -1 -1 -1
0 0.574707 0.433382 0.036133 0.064422 -1 -1 -1 -1 -1 -1 -1 -1 -1 -1
0 0.587891 0.349927 0.025391 0.043924 -1 -1 -1 -1 -1 -1 -1 -1 -1 -1
0 0.648438 0.344802 0.023438 0.042460 -1 -1 -1 -1 -1 -1 -1 -1 -1 -1
0 0.669434 0.455344 0.028320 0.058565 -1 -1 -1 -1 -1 -1 -1 -1 -1 -1
0 0.769531 0.390190 0.023438 0.045388 -1 -1 -1 -1 -1 -1 -1 -1 -1 -1
0 0.808594 0.437042 0.025391 0.042460 -1 -1 -1 -1 -1 -1 -1 -1 -1 -1
0 0.300781 0.423133 0.031250 0.058565 -1 -1 -1 -1 -1 -1 -1 -1 -1 -1
0 0.262207 0.322840 0.024414 0.051245 -1 -1 -1 -1 -1 -1 -1 -1 -1 -1
0 0.208984 0.277452 0.025391 0.048316 -1 -1 -1 -1 -1 -1 -1 -1 -1 -1
0 0.192871 0.485359 0.030273 0.051245 -1 -1 -1 -1 -1 -1 -1 -1 -1 -1
0 0.399414 0.457540 0.027344 0.051245 -1 -1 -1 -1 -1 -1 -1 -1 -1 -1