0 0.599121 0.492810 0.041992 0.075817 -1 -1 -1 -1 -1 -1 -1 -1 -1 -1
0 0.445312 0.466667 0.039062 0.060131 -1 -1 -1 -1 -1 -1 -1 -1 -1 -1
0 0.367676 0.496732 0.047852 0.065359 -1 -1 -1 -1 -1 -1 -1 -1 -1 -1
0 0.214355 0.496732 0.059570 0.086275 -1 -1 -1 -1 -1 -1 -1 -1 -1 -1
0 0.426270 0.311111 0.018555 0.026144 -1 -1 -1 -1 -1 -1 -1 -1 -1 -1
0 0.356445 0.342484 0.017578 0.028758 -1 -1 -1 -1 -1 -1 -1 -1 -1 -1
0 0.515625 0.306536 0.021484 0.032680 -1 -1 -1 -1 -1 -1 -1 -1 -1 -1
0 0.592773 0.313725 0.021484 0.031373 -1 -1 -1 -1 -1 -1 -1 -1 -1 -1
0 0.659180 0.337255 0.021484 0.023529 -1 -1 -1 -1 -1 -1 -1 -1 -1 -1
0 0.588379 0.369281 0.022461 0.030065 -1 -1 -1 -1 -1 -1 -1 -1 -1 -1
0 0.114258 0.181046 0.023438 0.030065 -1 -1 -1 -1 -1 -1 -1 -1 -1 -1
0 0.193848 0.848366 0.086914 0.188235 -1 -1 -1 -1 -1 -1 -1 -1 -1 -1
0 0.077148 0.653595 0.080078 0.162092 -1 -1 -1 -1 -1 -1 -1 -1 -1 -1
0 0.815918 0.523529 0.053711 0.090196 -1 -1 -1 -1 -1 -1 -1 -1 -1 -1
0 0.986328 0.601961 0.027344 0.098039 -1 -1 -1 -1 -1 -1 -1 -1 -1 -1
0 0.848633 0.281046 0.044922 0.078431 -1 -1 -1 -1 -1 -1 -1 -1 -1 -1
0 0.884277 0.207190 0.022461 0.035294 -1 -1 -1 -1 -1 -1 -1 -1 -1 -1
0 0.366699 0.313072 0.022461 0.022222 -1 -1 -1 -1 -1 -1 -1 -1 -1 -1