0 0.866699 0.475050 0.020508 0.051896 -1 -1 -1 -1 -1 -1 -1 -1 -1 -1
0 0.733398 0.526946 0.019531 0.055888 -1 -1 -1 -1 -1 -1 -1 -1 -1 -1
0 0.420410 0.331337 0.012695 0.027944 -1 -1 -1 -1 -1 -1 -1 -1 -1 -1
0 0.280762 0.465070 0.014648 0.035928 -1 -1 -1 -1 -1 -1 -1 -1 -1 -1
0 0.244629 0.490020 0.014648 0.037924 -1 -1 -1 -1 -1 -1 -1 -1 -1 -1
0 0.201172 0.466068 0.011719 0.037924 -1 -1 -1 -1 -1 -1 -1 -1 -1 -1
0 0.187012 0.550898 0.020508 0.055888 -1 -1 -1 -1 -1 -1 -1 -1 -1 -1
0 0.143066 0.476048 0.012695 0.033932 -1 -1 -1 -1 -1 -1 -1 -1 -1 -1
0 0.142578 0.540918 0.019531 0.047904 -1 -1 -1 -1 -1 -1 -1 -1 -1 -1
0 0.256348 0.588822 0.018555 0.059880 -1 -1 -1 -1 -1 -1 -1 -1 -1 -1
0 0.152832 0.754491 0.026367 0.107784 -1 -1 -1 -1 -1 -1 -1 -1 -1 -1
0 0.027832 0.598802 0.032227 0.087824 -1 -1 -1 -1 -1 -1 -1 -1 -1 -1
0 0.021484 0.714571 0.027344 0.087824 -1 -1 -1 -1 -1 -1 -1 -1 -1 -1