0 0.086914 0.474609 0.044922 0.079427 -1 -1 -1 -1 -1 -1 -1 -1 -1 -1
0 0.183594 0.432943 0.044922 0.082031 -1 -1 -1 -1 -1 -1 -1 -1 -1 -1
0 0.225098 0.415365 0.032227 0.065104 -1 -1 -1 -1 -1 -1 -1 -1 -1 -1
0 0.320801 0.412109 0.028320 0.037760 -1 -1 -1 -1 -1 -1 -1 -1 -1 -1
0 0.369629 0.397786 0.016602 0.035156 -1 -1 -1 -1 -1 -1 -1 -1 -1 -1
0 0.440918 0.403646 0.030273 0.031250 -1 -1 -1 -1 -1 -1 -1 -1 -1 -1
0 0.444824 0.345052 0.022461 0.041667 -1 -1 -1 -1 -1 -1 -1 -1 -1 -1
0 0.482910 0.343099 0.020508 0.037760 -1 -1 -1 -1 -1 -1 -1 -1 -1 -1
0 0.500488 0.336589 0.014648 0.032552 -1 -1 -1 -1 -1 -1 -1 -1 -1 -1
0 0.538086 0.333333 0.017578 0.028646 -1 -1 -1 -1 -1 -1 -1 -1 -1 -1
0 0.739258 0.406901 0.037109 0.069010 -1 -1 -1 -1 -1 -1 -1 -1 -1 -1
0 0.791504 0.461589 0.038086 0.069010 -1 -1 -1 -1 -1 -1 -1 -1 -1 -1
0 0.645996 0.619792 0.040039 0.104167 -1 -1 -1 -1 -1 -1 -1 -1 -1 -1
0 0.767090 0.374349 0.024414 0.048177 -1 -1 -1 -1 -1 -1 -1 -1 -1 -1
0 0.559082 0.335938 0.012695 0.023438 -1 -1 -1 -1 -1 -1 -1 -1 -1 -1
0 0.594238 0.348958 0.012695 0.023438 -1 -1 -1 -1 -1 -1 -1 -1 -1 -1