0 0.846191 0.377604 0.034180 0.067708 -1 -1 -1 -1 -1 -1 -1 -1 -1 -1
0 0.749512 0.315755 0.043945 0.082031 -1 -1 -1 -1 -1 -1 -1 -1 -1 -1
0 0.533203 0.305990 0.046875 0.083333 -1 -1 -1 -1 -1 -1 -1 -1 -1 -1
0 0.388184 0.378906 0.028320 0.059896 -1 -1 -1 -1 -1 -1 -1 -1 -1 -1
0 0.394531 0.250651 0.044922 0.110677 -1 -1 -1 -1 -1 -1 -1 -1 -1 -1
0 0.016113 0.320964 0.032227 0.079427 -1 -1 -1 -1 -1 -1 -1 -1 -1 -1
0 0.900391 0.386068 0.009766 0.024740 -1 -1 -1 -1 -1 -1 -1 -1 -1 -1
0 0.882812 0.373047 0.015625 0.032552 -1 -1 -1 -1 -1 -1 -1 -1 -1 -1
0 0.915039 0.358724 0.009766 0.019531 -1 -1 -1 -1 -1 -1 -1 -1 -1 -1
0 0.952148 0.360677 0.007812 0.018229 -1 -1 -1 -1 -1 -1 -1 -1 -1 -1
0 0.918457 0.385417 0.008789 0.020833 -1 -1 -1 -1 -1 -1 -1 -1 -1 -1
0 0.946289 0.394531 0.011719 0.023438 -1 -1 -1 -1 -1 -1 -1 -1 -1 -1
0 0.928223 0.377604 0.010742 0.026042 -1 -1 -1 -1 -1 -1 -1 -1 -1 -1