0 0.047852 0.584853 0.070312 0.148668 -1 -1 -1 -1 -1 -1 -1 -1 -1 -1
0 0.302246 0.453015 0.077148 0.100982 -1 -1 -1 -1 -1 -1 -1 -1 -1 -1
0 0.470215 0.439691 0.049805 0.074334 -1 -1 -1 -1 -1 -1 -1 -1 -1 -1
0 0.526367 0.409537 0.041016 0.072931 -1 -1 -1 -1 -1 -1 -1 -1 -1 -1
0 0.589844 0.376578 0.041016 0.071529 -1 -1 -1 -1 -1 -1 -1 -1 -1 -1
0 0.390137 0.267882 0.018555 0.039271 -1 -1 -1 -1 -1 -1 -1 -1 -1 -1
0 0.468262 0.327489 0.022461 0.043478 -1 -1 -1 -1 -1 -1 -1 -1 -1 -1
0 0.539062 0.316971 0.017578 0.039271 -1 -1 -1 -1 -1 -1 -1 -1 -1 -1
0 0.607910 0.323983 0.024414 0.050491 -1 -1 -1 -1 -1 -1 -1 -1 -1 -1
0 0.769043 0.406031 0.024414 0.046283 -1 -1 -1 -1 -1 -1 -1 -1 -1 -1
0 0.797363 0.453015 0.022461 0.056101 -1 -1 -1 -1 -1 -1 -1 -1 -1 -1
0 0.416992 0.295933 0.025391 0.047686 -1 -1 -1 -1 -1 -1 -1 -1 -1 -1