0 0.154297 0.142578 0.042969 0.079427 -1 -1 -1 -1 -1 -1 -1 -1 -1 -1
0 0.152832 0.276693 0.043945 0.082031 -1 -1 -1 -1 -1 -1 -1 -1 -1 -1
0 0.253418 0.177083 0.043945 0.085938 -1 -1 -1 -1 -1 -1 -1 -1 -1 -1
0 0.326660 0.302083 0.045898 0.080729 -1 -1 -1 -1 -1 -1 -1 -1 -1 -1
0 0.414551 0.191406 0.040039 0.072917 -1 -1 -1 -1 -1 -1 -1 -1 -1 -1
0 0.326660 0.138672 0.041992 0.071615 -1 -1 -1 -1 -1 -1 -1 -1 -1 -1
0 0.514160 0.138021 0.041992 0.072917 -1 -1 -1 -1 -1 -1 -1 -1 -1 -1
0 0.597168 0.195964 0.038086 0.066406 -1 -1 -1 -1 -1 -1 -1 -1 -1 -1
0 0.517090 0.289714 0.045898 0.082031 -1 -1 -1 -1 -1 -1 -1 -1 -1 -1
0 0.693848 0.138672 0.043945 0.069010 -1 -1 -1 -1 -1 -1 -1 -1 -1 -1
0 0.756836 0.192708 0.042969 0.078125 -1 -1 -1 -1 -1 -1 -1 -1 -1 -1
0 0.687500 0.296224 0.046875 0.076823 -1 -1 -1 -1 -1 -1 -1 -1 -1 -1
0 0.869141 0.142578 0.046875 0.079427 -1 -1 -1 -1 -1 -1 -1 -1 -1 -1
0 0.854492 0.295573 0.048828 0.080729 -1 -1 -1 -1 -1 -1 -1 -1 -1 -1