0 0.282227 0.326823 0.017578 0.036458 -1 -1 -1 -1 -1 -1 -1 -1 -1 -1
0 0.395996 0.382812 0.020508 0.023438 -1 -1 -1 -1 -1 -1 -1 -1 -1 -1
0 0.516113 0.275391 0.012695 0.024740 -1 -1 -1 -1 -1 -1 -1 -1 -1 -1
0 0.458496 0.388672 0.012695 0.022135 -1 -1 -1 -1 -1 -1 -1 -1 -1 -1
0 0.548828 0.384115 0.015625 0.031250 -1 -1 -1 -1 -1 -1 -1 -1 -1 -1
0 0.569336 0.250000 0.021484 0.039062 -1 -1 -1 -1 -1 -1 -1 -1 -1 -1
0 0.747070 0.232422 0.017578 0.029948 -1 -1 -1 -1 -1 -1 -1 -1 -1 -1
0 0.647949 0.403646 0.020508 0.028646 -1 -1 -1 -1 -1 -1 -1 -1 -1 -1
0 0.778809 0.483724 0.030273 0.058594 -1 -1 -1 -1 -1 -1 -1 -1 -1 -1
0 0.363770 0.587891 0.028320 0.053385 -1 -1 -1 -1 -1 -1 -1 -1 -1 -1
0 0.556641 0.555339 0.023438 0.045573 -1 -1 -1 -1 -1 -1 -1 -1 -1 -1