0 0.918945 0.328776 0.050781 0.092448 -1 -1 -1 -1 -1 -1 -1 -1 -1 -1
0 0.770020 0.326823 0.051758 0.098958 -1 -1 -1 -1 -1 -1 -1 -1 -1 -1
0 0.638672 0.305339 0.041016 0.071615 -1 -1 -1 -1 -1 -1 -1 -1 -1 -1
0 0.536133 0.298828 0.048828 0.087240 -1 -1 -1 -1 -1 -1 -1 -1 -1 -1
0 0.431641 0.333984 0.052734 0.089844 -1 -1 -1 -1 -1 -1 -1 -1 -1 -1
0 0.354004 0.431641 0.055664 0.087240 -1 -1 -1 -1 -1 -1 -1 -1 -1 -1
0 0.423828 0.636068 0.062500 0.105469 -1 -1 -1 -1 -1 -1 -1 -1 -1 -1
0 0.545898 0.568359 0.060547 0.095052 -1 -1 -1 -1 -1 -1 -1 -1 -1 -1
0 0.637207 0.654297 0.059570 0.100260 -1 -1 -1 -1 -1 -1 -1 -1 -1 -1
0 0.723633 0.670573 0.054688 0.091146 -1 -1 -1 -1 -1 -1 -1 -1 -1 -1
0 0.239258 0.305339 0.058594 0.082031 -1 -1 -1 -1 -1 -1 -1 -1 -1 -1
0 0.104492 0.306641 0.058594 0.084635 -1 -1 -1 -1 -1 -1 -1 -1 -1 -1