0 0.128418 0.337719 0.045898 0.090643 -1 -1 -1 -1 -1 -1 -1 -1 -1 -1
0 0.282715 0.418860 0.038086 0.086257 -1 -1 -1 -1 -1 -1 -1 -1 -1 -1
0 0.407227 0.437865 0.039062 0.080409 -1 -1 -1 -1 -1 -1 -1 -1 -1 -1
0 0.414062 0.306287 0.037109 0.077485 -1 -1 -1 -1 -1 -1 -1 -1 -1 -1
0 0.288574 0.248538 0.040039 0.078947 -1 -1 -1 -1 -1 -1 -1 -1 -1 -1
0 0.176758 0.254386 0.039062 0.081871 -1 -1 -1 -1 -1 -1 -1 -1 -1 -1
0 0.310547 0.174708 0.039062 0.080409 -1 -1 -1 -1 -1 -1 -1 -1 -1 -1
0 0.421875 0.209064 0.039062 0.081871 -1 -1 -1 -1 -1 -1 -1 -1 -1 -1
0 0.450195 0.191520 0.029297 0.061404 -1 -1 -1 -1 -1 -1 -1 -1 -1 -1
0 0.508789 0.188596 0.033203 0.064327 -1 -1 -1 -1 -1 -1 -1 -1 -1 -1
0 0.612305 0.182749 0.037109 0.073099 -1 -1 -1 -1 -1 -1 -1 -1 -1 -1
0 0.689941 0.156433 0.034180 0.064327 -1 -1 -1 -1 -1 -1 -1 -1 -1 -1
0 0.646973 0.316520 0.034180 0.071637 -1 -1 -1 -1 -1 -1 -1 -1 -1 -1
0 0.552734 0.304825 0.035156 0.057018 -1 -1 -1 -1 -1 -1 -1 -1 -1 -1
0 0.602539 0.393275 0.044922 0.087719 -1 -1 -1 -1 -1 -1 -1 -1 -1 -1
0 0.763184 0.312865 0.034180 0.073099 -1 -1 -1 -1 -1 -1 -1 -1 -1 -1
0 0.728027 0.236842 0.032227 0.073099 -1 -1 -1 -1 -1 -1 -1 -1 -1 -1
0 0.824219 0.220029 0.041016 0.068713 -1 -1 -1 -1 -1 -1 -1 -1 -1 -1
0 0.857910 0.353070 0.032227 0.065789 -1 -1 -1 -1 -1 -1 -1 -1 -1 -1