0 0.239258 0.233424 0.033203 0.050068 -1 -1 -1 -1 -1 -1 -1 -1 -1 -1
0 0.361328 0.238160 0.033203 0.064953 -1 -1 -1 -1 -1 -1 -1 -1 -1 -1
0 0.261719 0.412720 0.041016 0.067659 -1 -1 -1 -1 -1 -1 -1 -1 -1 -1
0 0.382324 0.409337 0.036133 0.066306 -1 -1 -1 -1 -1 -1 -1 -1 -1 -1
0 0.466309 0.221245 0.034180 0.052774 -1 -1 -1 -1 -1 -1 -1 -1 -1 -1
0 0.586426 0.253721 0.032227 0.052774 -1 -1 -1 -1 -1 -1 -1 -1 -1 -1
0 0.682129 0.274696 0.030273 0.051421 -1 -1 -1 -1 -1 -1 -1 -1 -1 -1
0 0.516113 0.460081 0.038086 0.059540 -1 -1 -1 -1 -1 -1 -1 -1 -1 -1
0 0.610352 0.495264 0.035156 0.051421 -1 -1 -1 -1 -1 -1 -1 -1 -1 -1
0 0.684570 0.497970 0.033203 0.056834 -1 -1 -1 -1 -1 -1 -1 -1 -1 -1
0 0.835449 0.348444 0.008789 0.017591 -1 -1 -1 -1 -1 -1 -1 -1 -1 -1
0 0.888672 0.338972 0.007812 0.017591 -1 -1 -1 -1 -1 -1 -1 -1 -1 -1