0 0.113770 0.577474 0.038086 0.058594 -1 -1 -1 -1 -1 -1 -1 -1 -1 -1
0 0.204102 0.520182 0.035156 0.048177 -1 -1 -1 -1 -1 -1 -1 -1 -1 -1
0 0.288086 0.516276 0.033203 0.045573 -1 -1 -1 -1 -1 -1 -1 -1 -1 -1
0 0.363770 0.542969 0.034180 0.044271 -1 -1 -1 -1 -1 -1 -1 -1 -1 -1
0 0.410645 0.502604 0.028320 0.039062 -1 -1 -1 -1 -1 -1 -1 -1 -1 -1
0 0.461426 0.517578 0.028320 0.042969 -1 -1 -1 -1 -1 -1 -1 -1 -1 -1
0 0.535156 0.514974 0.029297 0.050781 -1 -1 -1 -1 -1 -1 -1 -1 -1 -1
0 0.207520 0.258464 0.036133 0.050781 -1 -1 -1 -1 -1 -1 -1 -1 -1 -1
0 0.301758 0.365885 0.029297 0.044271 -1 -1 -1 -1 -1 -1 -1 -1 -1 -1
0 0.371094 0.375000 0.029297 0.041667 -1 -1 -1 -1 -1 -1 -1 -1 -1 -1
0 0.447266 0.367188 0.029297 0.041667 -1 -1 -1 -1 -1 -1 -1 -1 -1 -1
0 0.521484 0.356771 0.027344 0.041667 -1 -1 -1 -1 -1 -1 -1 -1 -1 -1
0 0.589355 0.366536 0.028320 0.040365 -1 -1 -1 -1 -1 -1 -1 -1 -1 -1
0 0.666016 0.307943 0.031250 0.045573 -1 -1 -1 -1 -1 -1 -1 -1 -1 -1
0 0.728516 0.340495 0.033203 0.040365 -1 -1 -1 -1 -1 -1 -1 -1 -1 -1
0 0.803223 0.279297 0.036133 0.053385 -1 -1 -1 -1 -1 -1 -1 -1 -1 -1
0 0.809082 0.554036 0.040039 0.053385 -1 -1 -1 -1 -1 -1 -1 -1 -1 -1
0 0.713379 0.541667 0.034180 0.052083 -1 -1 -1 -1 -1 -1 -1 -1 -1 -1
0 0.626953 0.521484 0.033203 0.045573 -1 -1 -1 -1 -1 -1 -1 -1 -1 -1