0 0.972656 0.063492 0.009766 0.015873 -1 -1 -1 -1 -1 -1 -1 -1 -1 -1
0 0.924316 0.044974 0.008789 0.013228 -1 -1 -1 -1 -1 -1 -1 -1 -1 -1
0 0.906250 0.065476 0.009766 0.017196 -1 -1 -1 -1 -1 -1 -1 -1 -1 -1
0 0.774902 0.062831 0.008789 0.014550 -1 -1 -1 -1 -1 -1 -1 -1 -1 -1
0 0.731934 0.064153 0.008789 0.014550 -1 -1 -1 -1 -1 -1 -1 -1 -1 -1
0 0.728516 0.112434 0.017578 0.026455 -1 -1 -1 -1 -1 -1 -1 -1 -1 -1
0 0.615723 0.042989 0.006836 0.009259 -1 -1 -1 -1 -1 -1 -1 -1 -1 -1
0 0.645508 0.047619 0.005859 0.007937 -1 -1 -1 -1 -1 -1 -1 -1 -1 -1
0 0.654785 0.044974 0.004883 0.007937 -1 -1 -1 -1 -1 -1 -1 -1 -1 -1
0 0.596680 0.094577 0.013672 0.022487 -1 -1 -1 -1 -1 -1 -1 -1 -1 -1
0 0.784668 0.233466 0.030273 0.046296 -1 -1 -1 -1 -1 -1 -1 -1 -1 -1
0 0.724121 0.281085 0.045898 0.064815 -1 -1 -1 -1 -1 -1 -1 -1 -1 -1
0 0.606445 0.243386 0.056641 0.084656 -1 -1 -1 -1 -1 -1 -1 -1 -1 -1
0 0.993652 0.232804 0.012695 0.055556 -1 -1 -1 -1 -1 -1 -1 -1 -1 -1
0 0.935547 0.480159 0.072266 0.100529 -1 -1 -1 -1 -1 -1 -1 -1 -1 -1
0 0.889648 0.445106 0.058594 0.051587 -1 -1 -1 -1 -1 -1 -1 -1 -1 -1
0 0.046387 0.533069 0.077148 0.105820 -1 -1 -1 -1 -1 -1 -1 -1 -1 -1
0 0.161133 0.039021 0.005859 0.011905 -1 -1 -1 -1 -1 -1 -1 -1 -1 -1
0 0.174316 0.046296 0.008789 0.013228 -1 -1 -1 -1 -1 -1 -1 -1 -1 -1