0 0.191406 0.328105 0.058594 0.107190 -1 -1 -1 -1 -1 -1 -1 -1 -1 -1
0 0.320312 0.469281 0.062500 0.096732 -1 -1 -1 -1 -1 -1 -1 -1 -1 -1
0 0.291992 0.236601 0.068359 0.117647 -1 -1 -1 -1 -1 -1 -1 -1 -1 -1
0 0.387695 0.358170 0.056641 0.088889 -1 -1 -1 -1 -1 -1 -1 -1 -1 -1
0 0.468750 0.286275 0.066406 0.107190 -1 -1 -1 -1 -1 -1 -1 -1 -1 -1
0 0.560547 0.147712 0.050781 0.107190 -1 -1 -1 -1 -1 -1 -1 -1 -1 -1
0 0.526367 0.393464 0.060547 0.096732 -1 -1 -1 -1 -1 -1 -1 -1 -1 -1
0 0.661133 0.288889 0.060547 0.112418 -1 -1 -1 -1 -1 -1 -1 -1 -1 -1
0 0.645508 0.457516 0.068359 0.104575 -1 -1 -1 -1 -1 -1 -1 -1 -1 -1
0 0.797852 0.269281 0.060547 0.094118 -1 -1 -1 -1 -1 -1 -1 -1 -1 -1
0 0.834961 0.484967 0.060547 0.112418 -1 -1 -1 -1 -1 -1 -1 -1 -1 -1
0 0.905273 0.392157 0.056641 0.109804 -1 -1 -1 -1 -1 -1 -1 -1 -1 -1