0 0.833984 0.487179 0.035156 0.054299 -1 -1 -1 -1 -1 -1 -1 -1 -1 -1
0 0.764160 0.315988 0.022461 0.040724 -1 -1 -1 -1 -1 -1 -1 -1 -1 -1
0 0.707031 0.307692 0.021484 0.036199 -1 -1 -1 -1 -1 -1 -1 -1 -1 -1
0 0.731934 0.505279 0.032227 0.057315 -1 -1 -1 -1 -1 -1 -1 -1 -1 -1
0 0.649414 0.325792 0.021484 0.039216 -1 -1 -1 -1 -1 -1 -1 -1 -1 -1
0 0.604492 0.331071 0.019531 0.034691 -1 -1 -1 -1 -1 -1 -1 -1 -1 -1
0 0.548340 0.315234 0.024414 0.039216 -1 -1 -1 -1 -1 -1 -1 -1 -1 -1
0 0.486328 0.325038 0.021484 0.043741 -1 -1 -1 -1 -1 -1 -1 -1 -1 -1
0 0.439941 0.331071 0.020508 0.040724 -1 -1 -1 -1 -1 -1 -1 -1 -1 -1
0 0.380859 0.324284 0.023438 0.039216 -1 -1 -1 -1 -1 -1 -1 -1 -1 -1
0 0.447754 0.492459 0.026367 0.040724 -1 -1 -1 -1 -1 -1 -1 -1 -1 -1
0 0.554199 0.490196 0.024414 0.045249 -1 -1 -1 -1 -1 -1 -1 -1 -1 -1
0 0.363281 0.484917 0.025391 0.049774 -1 -1 -1 -1 -1 -1 -1 -1 -1 -1