0 0.833008 0.282225 0.044922 0.078697 -1 -1 -1 -1 -1 -1 -1 -1 -1 -1
0 0.865234 0.158752 0.048828 0.073270 -1 -1 -1 -1 -1 -1 -1 -1 -1 -1
0 0.712891 0.238128 0.048828 0.061058 -1 -1 -1 -1 -1 -1 -1 -1 -1 -1
0 0.716797 0.376526 0.044922 0.077341 -1 -1 -1 -1 -1 -1 -1 -1 -1 -1
0 0.625488 0.201493 0.041992 0.080054 -1 -1 -1 -1 -1 -1 -1 -1 -1 -1
0 0.503418 0.443691 0.043945 0.059701 -1 -1 -1 -1 -1 -1 -1 -1 -1 -1
0 0.582031 0.780190 0.056641 0.048847 -1 -1 -1 -1 -1 -1 -1 -1 -1 -1
0 0.503906 0.814790 0.044922 0.077341 -1 -1 -1 -1 -1 -1 -1 -1 -1 -1
0 0.416504 0.723881 0.034180 0.066486 -1 -1 -1 -1 -1 -1 -1 -1 -1 -1
0 0.309570 0.245590 0.044922 0.065129 -1 -1 -1 -1 -1 -1 -1 -1 -1 -1
0 0.055664 0.197422 0.052734 0.093623 -1 -1 -1 -1 -1 -1 -1 -1 -1 -1
0 0.132324 0.800543 0.047852 0.081411 -1 -1 -1 -1 -1 -1 -1 -1 -1 -1