0 0.891602 0.237209 0.042969 0.074419 -1 -1 -1 -1 -1 -1 -1 -1 -1 -1
0 0.794922 0.227907 0.039062 0.071318 -1 -1 -1 -1 -1 -1 -1 -1 -1 -1
0 0.693848 0.217054 0.040039 0.074419 -1 -1 -1 -1 -1 -1 -1 -1 -1 -1
0 0.625977 0.184496 0.039062 0.062016 -1 -1 -1 -1 -1 -1 -1 -1 -1 -1
0 0.588379 0.279070 0.043945 0.074419 -1 -1 -1 -1 -1 -1 -1 -1 -1 -1
0 0.535156 0.203876 0.041016 0.069767 -1 -1 -1 -1 -1 -1 -1 -1 -1 -1
0 0.454102 0.289922 0.039062 0.068217 -1 -1 -1 -1 -1 -1 -1 -1 -1 -1
0 0.412598 0.199225 0.041992 0.072868 -1 -1 -1 -1 -1 -1 -1 -1 -1 -1
0 0.325195 0.233333 0.041016 0.075969 -1 -1 -1 -1 -1 -1 -1 -1 -1 -1
0 0.290527 0.158915 0.040039 0.066667 -1 -1 -1 -1 -1 -1 -1 -1 -1 -1
0 0.202148 0.133333 0.041016 0.071318 -1 -1 -1 -1 -1 -1 -1 -1 -1 -1
0 0.175781 0.239535 0.052734 0.094574 -1 -1 -1 -1 -1 -1 -1 -1 -1 -1