0 0.391113 0.607143 0.032227 0.039916 -1 -1 -1 -1 -1 -1 -1 -1 -1 -1
0 0.506348 0.590861 0.024414 0.036765 -1 -1 -1 -1 -1 -1 -1 -1 -1 -1
0 0.341309 0.351891 0.010742 0.014706 -1 -1 -1 -1 -1 -1 -1 -1 -1 -1
0 0.310547 0.344538 0.009766 0.016807 -1 -1 -1 -1 -1 -1 -1 -1 -1 -1
0 0.309082 0.295168 0.008789 0.014706 -1 -1 -1 -1 -1 -1 -1 -1 -1 -1
0 0.202637 0.577206 0.004883 0.009454 -1 -1 -1 -1 -1 -1 -1 -1 -1 -1
0 0.063965 0.576681 0.006836 0.010504 -1 -1 -1 -1 -1 -1 -1 -1 -1 -1
0 0.738281 0.323529 0.009766 0.021008 -1 -1 -1 -1 -1 -1 -1 -1 -1 -1
0 0.724609 0.316176 0.011719 0.018908 -1 -1 -1 -1 -1 -1 -1 -1 -1 -1
0 0.302246 0.571954 0.008789 0.013655 -1 -1 -1 -1 -1 -1 -1 -1 -1 -1
0 0.882812 0.578256 0.015625 0.015756 -1 -1 -1 -1 -1 -1 -1 -1 -1 -1
0 0.336914 0.088761 0.011719 0.017857 -1 -1 -1 -1 -1 -1 -1 -1 -1 -1
0 0.303223 0.065126 0.006836 0.010504 -1 -1 -1 -1 -1 -1 -1 -1 -1 -1