0 0.144531 0.175953 0.078125 0.158358 -1 -1 -1 -1 -1 -1 -1 -1 -1 -1
0 0.297852 0.195015 0.070312 0.131965 -1 -1 -1 -1 -1 -1 -1 -1 -1 -1
0 0.350586 0.167155 0.050781 0.093842 -1 -1 -1 -1 -1 -1 -1 -1 -1 -1
0 0.389648 0.260264 0.072266 0.136364 -1 -1 -1 -1 -1 -1 -1 -1 -1 -1
0 0.240234 0.452346 0.091797 0.183284 -1 -1 -1 -1 -1 -1 -1 -1 -1 -1
0 0.592773 0.478006 0.093750 0.196481 -1 -1 -1 -1 -1 -1 -1 -1 -1 -1
0 0.681152 0.359238 0.071289 0.152493 -1 -1 -1 -1 -1 -1 -1 -1 -1 -1
0 0.553711 0.181085 0.068359 0.133431 -1 -1 -1 -1 -1 -1 -1 -1 -1 -1
0 0.500977 0.211144 0.050781 0.102639 -1 -1 -1 -1 -1 -1 -1 -1 -1 -1
0 0.601562 0.059384 0.042969 0.083578 -1 -1 -1 -1 -1 -1 -1 -1 -1 -1
0 0.634766 0.133431 0.041016 0.082111 -1 -1 -1 -1 -1 -1 -1 -1 -1 -1
0 0.737793 0.173754 0.051758 0.098240 -1 -1 -1 -1 -1 -1 -1 -1 -1 -1
0 0.883301 0.501466 0.088867 0.181818 -1 -1 -1 -1 -1 -1 -1 -1 -1 -1
0 0.805664 0.049853 0.041016 0.082111 -1 -1 -1 -1 -1 -1 -1 -1 -1 -1
0 0.723145 0.051320 0.024414 0.052786 -1 -1 -1 -1 -1 -1 -1 -1 -1 -1
0 0.894043 0.024927 0.028320 0.046921 -1 -1 -1 -1 -1 -1 -1 -1 -1 -1
0 0.943359 0.145161 0.054688 0.102639 -1 -1 -1 -1 -1 -1 -1 -1 -1 -1
0 0.952148 0.253666 0.076172 0.143695 -1 -1 -1 -1 -1 -1 -1 -1 -1 -1