0 0.366699 0.296486 0.065430 0.142020 -1 -1 -1 -1 -1 -1 -1 -1 -1 -1
0 0.500488 0.330893 0.049805 0.090776 -1 -1 -1 -1 -1 -1 -1 -1 -1 -1
0 0.791992 0.185212 0.080078 0.174231 -1 -1 -1 -1 -1 -1 -1 -1 -1 -1
0 0.042480 0.586384 0.034180 0.060029 -1 -1 -1 -1 -1 -1 -1 -1 -1 -1
0 0.055176 0.548316 0.012695 0.024890 -1 -1 -1 -1 -1 -1 -1 -1 -1 -1
0 0.021973 0.549780 0.012695 0.024890 -1 -1 -1 -1 -1 -1 -1 -1 -1 -1
0 0.014648 0.492679 0.009766 0.019034 -1 -1 -1 -1 -1 -1 -1 -1 -1 -1
0 0.065430 0.477306 0.009766 0.017570 -1 -1 -1 -1 -1 -1 -1 -1 -1 -1
0 0.089355 0.463397 0.010742 0.019034 -1 -1 -1 -1 -1 -1 -1 -1 -1 -1
0 0.111328 0.471449 0.009766 0.017570 -1 -1 -1 -1 -1 -1 -1 -1 -1 -1
0 0.131836 0.464861 0.007812 0.016105 -1 -1 -1 -1 -1 -1 -1 -1 -1 -1
0 0.161621 0.443631 0.008789 0.017570 -1 -1 -1 -1 -1 -1 -1 -1 -1 -1
0 0.191895 0.441435 0.008789 0.019034 -1 -1 -1 -1 -1 -1 -1 -1 -1 -1
0 0.243652 0.427526 0.010742 0.017570 -1 -1 -1 -1 -1 -1 -1 -1 -1 -1
0 0.171387 0.480966 0.010742 0.016105 -1 -1 -1 -1 -1 -1 -1 -1 -1 -1
0 0.183594 0.477306 0.009766 0.017570 -1 -1 -1 -1 -1 -1 -1 -1 -1 -1
0 0.204102 0.469985 0.009766 0.017570 -1 -1 -1 -1 -1 -1 -1 -1 -1 -1
0 0.197754 0.491947 0.008789 0.017570 -1 -1 -1 -1 -1 -1 -1 -1 -1 -1
0 0.209473 0.489019 0.010742 0.017570 -1 -1 -1 -1 -1 -1 -1 -1 -1 -1
0 0.221680 0.478038 0.009766 0.019034 -1 -1 -1 -1 -1 -1 -1 -1 -1 -1
0 0.006348 0.532943 0.012695 0.023426 -1 -1 -1 -1 -1 -1 -1 -1 -1 -1
0 0.401367 0.377013 0.007812 0.016105 -1 -1 -1 -1 -1 -1 -1 -1 -1 -1
0 0.613281 0.392387 0.015625 0.032211 -1 -1 -1 -1 -1 -1 -1 -1 -1 -1
0 0.634766 0.438507 0.025391 0.048316 -1 -1 -1 -1 -1 -1 -1 -1 -1 -1
0 0.649902 0.398243 0.014648 0.038067 -1 -1 -1 -1 -1 -1 -1 -1 -1 -1
0 0.680664 0.389458 0.021484 0.040996 -1 -1 -1 -1 -1 -1 -1 -1 -1 -1
0 0.726562 0.382138 0.025391 0.049780 -1 -1 -1 -1 -1 -1 -1 -1 -1 -1
0 0.752930 0.363836 0.025391 0.042460 -1 -1 -1 -1 -1 -1 -1 -1 -1 -1
0 0.959961 0.192533 0.031250 0.045388 -1 -1 -1 -1 -1 -1 -1 -1 -1 -1
0 0.041504 0.549780 0.020508 0.033675 -1 -1 -1 -1 -1 -1 -1 -1 -1 -1
0 0.184570 0.492679 0.009766 0.016105 -1 -1 -1 -1 -1 -1 -1 -1 -1 -1