0 0.597168 0.307943 0.022461 0.058594 -1 -1 -1 -1 -1 -1 -1 -1 -1 -1
0 0.555176 0.374349 0.024414 0.045573 -1 -1 -1 -1 -1 -1 -1 -1 -1 -1
0 0.468750 0.350911 0.019531 0.050781 -1 -1 -1 -1 -1 -1 -1 -1 -1 -1
0 0.836426 0.320312 0.028320 0.054688 -1 -1 -1 -1 -1 -1 -1 -1 -1 -1
0 0.941406 0.317057 0.027344 0.050781 -1 -1 -1 -1 -1 -1 -1 -1 -1 -1
0 0.245605 0.403646 0.024414 0.046875 -1 -1 -1 -1 -1 -1 -1 -1 -1 -1
0 0.147949 0.391927 0.022461 0.039062 -1 -1 -1 -1 -1 -1 -1 -1 -1 -1
0 0.215820 0.399740 0.023438 0.044271 -1 -1 -1 -1 -1 -1 -1 -1 -1 -1
0 0.079102 0.397786 0.023438 0.037760 -1 -1 -1 -1 -1 -1 -1 -1 -1 -1
0 0.017578 0.408203 0.027344 0.040365 -1 -1 -1 -1 -1 -1 -1 -1 -1 -1
0 0.961426 0.430990 0.012695 0.093750 -1 -1 -1 -1 -1 -1 -1 -1 -1 -1
0 0.037598 0.763672 0.051758 0.063802 -1 -1 -1 -1 -1 -1 -1 -1 -1 -1
0 0.046875 0.540365 0.021484 0.078125 -1 -1 -1 -1 -1 -1 -1 -1 -1 -1