0 0.760742 0.791535 0.080078 0.077069 -1 -1 -1 -1 -1 -1 -1 -1 -1 -1
0 0.589844 0.823437 0.087891 0.072647 -1 -1 -1 -1 -1 -1 -1 -1 -1 -1
0 0.646973 0.745420 0.026367 0.021478 -1 -1 -1 -1 -1 -1 -1 -1 -1 -1
0 0.701660 0.676248 0.014648 0.013266 -1 -1 -1 -1 -1 -1 -1 -1 -1 -1
0 0.678711 0.691409 0.013672 0.010739 -1 -1 -1 -1 -1 -1 -1 -1 -1 -1
0 0.639160 0.703727 0.014648 0.010107 -1 -1 -1 -1 -1 -1 -1 -1 -1 -1
0 0.602539 0.693304 0.015625 0.014529 -1 -1 -1 -1 -1 -1 -1 -1 -1 -1
0 0.694824 0.561592 0.045898 0.035376 -1 -1 -1 -1 -1 -1 -1 -1 -1 -1
0 0.605957 0.508528 0.032227 0.027795 -1 -1 -1 -1 -1 -1 -1 -1 -1 -1
0 0.519043 0.559381 0.041992 0.038534 -1 -1 -1 -1 -1 -1 -1 -1 -1 -1
0 0.444824 0.540114 0.030273 0.027795 -1 -1 -1 -1 -1 -1 -1 -1 -1 -1
0 0.503906 0.422931 0.087891 0.075174 -1 -1 -1 -1 -1 -1 -1 -1 -1 -1
0 0.421875 0.384397 0.091797 0.085281 -1 -1 -1 -1 -1 -1 -1 -1 -1 -1
0 0.317383 0.409033 0.134766 0.140872 -1 -1 -1 -1 -1 -1 -1 -1 -1 -1
0 0.108398 0.467151 0.134766 0.140872 -1 -1 -1 -1 -1 -1 -1 -1 -1 -1
0 0.614258 0.221415 0.097656 0.071383 -1 -1 -1 -1 -1 -1 -1 -1 -1 -1
0 0.175781 0.208781 0.105469 0.101706 -1 -1 -1 -1 -1 -1 -1 -1 -1 -1