0 0.977539 0.219323 0.027344 0.046544 -1 -1 -1 -1 -1 -1 -1 -1 -1 -1
0 0.964844 0.191819 0.025391 0.039492 -1 -1 -1 -1 -1 -1 -1 -1 -1 -1
0 0.934082 0.181946 0.014648 0.028209 -1 -1 -1 -1 -1 -1 -1 -1 -1 -1
0 0.889648 0.208039 0.019531 0.035261 -1 -1 -1 -1 -1 -1 -1 -1 -1 -1
0 0.912598 0.258110 0.030273 0.050776 -1 -1 -1 -1 -1 -1 -1 -1 -1 -1
0 0.915039 0.327221 0.050781 0.090268 -1 -1 -1 -1 -1 -1 -1 -1 -1 -1
0 0.836426 0.331453 0.049805 0.095910 -1 -1 -1 -1 -1 -1 -1 -1 -1 -1
0 0.836426 0.202398 0.018555 0.032440 -1 -1 -1 -1 -1 -1 -1 -1 -1 -1
0 0.799805 0.210860 0.021484 0.038082 -1 -1 -1 -1 -1 -1 -1 -1 -1 -1
0 0.790039 0.258815 0.023438 0.046544 -1 -1 -1 -1 -1 -1 -1 -1 -1 -1
0 0.765625 0.409027 0.078125 0.135402 -1 -1 -1 -1 -1 -1 -1 -1 -1 -1
0 0.718750 0.241890 0.025391 0.035261 -1 -1 -1 -1 -1 -1 -1 -1 -1 -1
0 0.700195 0.221439 0.011719 0.025388 -1 -1 -1 -1 -1 -1 -1 -1 -1 -1
0 0.745605 0.244711 0.008789 0.012694 -1 -1 -1 -1 -1 -1 -1 -1 -1 -1
0 0.847168 0.205924 0.010742 0.025388 -1 -1 -1 -1 -1 -1 -1 -1 -1 -1
0 0.575195 0.363893 0.189453 0.397743 -1 -1 -1 -1 -1 -1 -1 -1 -1 -1
0 0.414062 0.235543 0.029297 0.053597 -1 -1 -1 -1 -1 -1 -1 -1 -1 -1
0 0.381836 0.383639 0.041016 0.059238 -1 -1 -1 -1 -1 -1 -1 -1 -1 -1
0 0.362305 0.528914 0.085938 0.157969 -1 -1 -1 -1 -1 -1 -1 -1 -1 -1
0 0.386719 0.311707 0.037109 0.053597 -1 -1 -1 -1 -1 -1 -1 -1 -1 -1
0 0.334473 0.287024 0.024414 0.046544 -1 -1 -1 -1 -1 -1 -1 -1 -1 -1
0 0.299805 0.315233 0.029297 0.055007 -1 -1 -1 -1 -1 -1 -1 -1 -1 -1
0 0.284180 0.256700 0.013672 0.022567 -1 -1 -1 -1 -1 -1 -1 -1 -1 -1
0 0.253418 0.295487 0.022461 0.035261 -1 -1 -1 -1 -1 -1 -1 -1 -1 -1
0 0.259277 0.239774 0.010742 0.016925 -1 -1 -1 -1 -1 -1 -1 -1 -1 -1
0 0.374023 0.220028 0.011719 0.028209 -1 -1 -1 -1 -1 -1 -1 -1 -1 -1
0 0.395508 0.232722 0.009766 0.025388 -1 -1 -1 -1 -1 -1 -1 -1 -1 -1
0 0.333496 0.239069 0.010742 0.018336 -1 -1 -1 -1 -1 -1 -1 -1 -1 -1
0 0.286133 0.234133 0.009766 0.016925 -1 -1 -1 -1 -1 -1 -1 -1 -1 -1
0 0.235352 0.268688 0.017578 0.026798 -1 -1 -1 -1 -1 -1 -1 -1 -1 -1
0 0.226074 0.237659 0.010742 0.015515 -1 -1 -1 -1 -1 -1 -1 -1 -1 -1
0 0.185547 0.338505 0.056641 0.087447 -1 -1 -1 -1 -1 -1 -1 -1 -1 -1
0 0.173340 0.270804 0.022461 0.031030 -1 -1 -1 -1 -1 -1 -1 -1 -1 -1
0 0.141602 0.233427 0.015625 0.023977 -1 -1 -1 -1 -1 -1 -1 -1 -1 -1
0 0.124023 0.368829 0.048828 0.088858 -1 -1 -1 -1 -1 -1 -1 -1 -1 -1
0 0.082520 0.383639 0.036133 0.059238 -1 -1 -1 -1 -1 -1 -1 -1 -1 -1
0 0.090332 0.598731 0.104492 0.153738 -1 -1 -1 -1 -1 -1 -1 -1 -1 -1
0 0.042969 0.392807 0.017578 0.026798 -1 -1 -1 -1 -1 -1 -1 -1 -1 -1
0 0.036133 0.276446 0.013672 0.025388 -1 -1 -1 -1 -1 -1 -1 -1 -1 -1
0 0.058594 0.256700 0.013672 0.025388 -1 -1 -1 -1 -1 -1 -1 -1 -1 -1
0 0.009766 0.277856 0.015625 0.022567 -1 -1 -1 -1 -1 -1 -1 -1 -1 -1
0 0.119141 0.308886 0.025391 0.033850 -1 -1 -1 -1 -1 -1 -1 -1 -1 -1
0 0.202148 0.244711 0.009766 0.018336 -1 -1 -1 -1 -1 -1 -1 -1 -1 -1
0 0.210449 0.241185 0.008789 0.016925 -1 -1 -1 -1 -1 -1 -1 -1 -1 -1