0 0.225586 0.466226 0.044922 0.083700 -1 -1 -1 -1 -1 -1 -1 -1 -1 -1
0 0.303223 0.449339 0.049805 0.082232 -1 -1 -1 -1 -1 -1 -1 -1 -1 -1
0 0.347168 0.534508 0.036133 0.067548 -1 -1 -1 -1 -1 -1 -1 -1 -1 -1
0 0.487305 0.455213 0.042969 0.073421 -1 -1 -1 -1 -1 -1 -1 -1 -1 -1
0 0.569824 0.564611 0.041992 0.074890 -1 -1 -1 -1 -1 -1 -1 -1 -1 -1
0 0.692383 0.583700 0.041016 0.069016 -1 -1 -1 -1 -1 -1 -1 -1 -1 -1
0 0.750488 0.405286 0.049805 0.082232 -1 -1 -1 -1 -1 -1 -1 -1 -1 -1
0 0.620605 0.436858 0.049805 0.092511 -1 -1 -1 -1 -1 -1 -1 -1 -1 -1
0 0.624023 0.322320 0.037109 0.066079 -1 -1 -1 -1 -1 -1 -1 -1 -1 -1
0 0.765137 0.226872 0.038086 0.060206 -1 -1 -1 -1 -1 -1 -1 -1 -1 -1
0 0.883789 0.256241 0.035156 0.066079 -1 -1 -1 -1 -1 -1 -1 -1 -1 -1
0 0.801270 0.121880 0.041992 0.070485 -1 -1 -1 -1 -1 -1 -1 -1 -1 -1
0 0.654785 0.212922 0.041992 0.064611 -1 -1 -1 -1 -1 -1 -1 -1 -1 -1
0 0.605957 0.157856 0.038086 0.066079 -1 -1 -1 -1 -1 -1 -1 -1 -1 -1
0 0.547852 0.201909 0.035156 0.063142 -1 -1 -1 -1 -1 -1 -1 -1 -1 -1
0 0.458984 0.165198 0.025391 0.051395 -1 -1 -1 -1 -1 -1 -1 -1 -1 -1
0 0.376953 0.205580 0.039062 0.073421 -1 -1 -1 -1 -1 -1 -1 -1 -1 -1
0 0.409180 0.139501 0.041016 0.067548 -1 -1 -1 -1 -1 -1 -1 -1 -1 -1