0 0.129883 0.213264 0.125000 0.215865 -1 -1 -1 -1 -1 -1 -1 -1 -1 -1
0 0.437012 0.306242 0.036133 0.053316 -1 -1 -1 -1 -1 -1 -1 -1 -1 -1
0 0.568359 0.370611 0.035156 0.046814 -1 -1 -1 -1 -1 -1 -1 -1 -1 -1
0 0.487793 0.567620 0.028320 0.045514 -1 -1 -1 -1 -1 -1 -1 -1 -1 -1
0 0.388184 0.411573 0.036133 0.055917 -1 -1 -1 -1 -1 -1 -1 -1 -1 -1
0 0.599121 0.637191 0.026367 0.033810 -1 -1 -1 -1 -1 -1 -1 -1 -1 -1
0 0.641602 0.559168 0.027344 0.036411 -1 -1 -1 -1 -1 -1 -1 -1 -1 -1
0 0.751465 0.540312 0.016602 0.029909 -1 -1 -1 -1 -1 -1 -1 -1 -1 -1
0 0.782715 0.336801 0.026367 0.041612 -1 -1 -1 -1 -1 -1 -1 -1 -1 -1
0 0.852539 0.276983 0.027344 0.046814 -1 -1 -1 -1 -1 -1 -1 -1 -1 -1
0 0.914551 0.546164 0.022461 0.036411 -1 -1 -1 -1 -1 -1 -1 -1 -1 -1
0 0.798828 0.832900 0.097656 0.162549 -1 -1 -1 -1 -1 -1 -1 -1 -1 -1
0 0.232910 0.694408 0.057617 0.091027 -1 -1 -1 -1 -1 -1 -1 -1 -1 -1
0 0.118652 0.587776 0.067383 0.096229 -1 -1 -1 -1 -1 -1 -1 -1 -1 -1
0 0.740723 0.117685 0.038086 0.061118 -1 -1 -1 -1 -1 -1 -1 -1 -1 -1
0 0.807129 0.171001 0.030273 0.045514 -1 -1 -1 -1 -1 -1 -1 -1 -1 -1
0 0.924805 0.171001 0.027344 0.045514 -1 -1 -1 -1 -1 -1 -1 -1 -1 -1
0 0.874512 0.084525 0.030273 0.054616 -1 -1 -1 -1 -1 -1 -1 -1 -1 -1
0 0.907715 0.291287 0.030273 0.041612 -1 -1 -1 -1 -1 -1 -1 -1 -1 -1