0 0.110840 0.410569 0.055664 0.112195 -1 -1 -1 -1 -1 -1 -1 -1 -1 -1
0 0.216309 0.104065 0.051758 0.097561 -1 -1 -1 -1 -1 -1 -1 -1 -1 -1
0 0.310059 0.135772 0.045898 0.086179 -1 -1 -1 -1 -1 -1 -1 -1 -1 -1
0 0.365234 0.177236 0.042969 0.094309 -1 -1 -1 -1 -1 -1 -1 -1 -1 -1
0 0.438965 0.140650 0.034180 0.076423 -1 -1 -1 -1 -1 -1 -1 -1 -1 -1
0 0.511719 0.114634 0.044922 0.082927 -1 -1 -1 -1 -1 -1 -1 -1 -1 -1
0 0.368652 0.536585 0.061523 0.113821 -1 -1 -1 -1 -1 -1 -1 -1 -1 -1
0 0.648926 0.137398 0.043945 0.079675 -1 -1 -1 -1 -1 -1 -1 -1 -1 -1
0 0.768555 0.150407 0.042969 0.089431 -1 -1 -1 -1 -1 -1 -1 -1 -1 -1
0 0.867676 0.231707 0.041992 0.086179 -1 -1 -1 -1 -1 -1 -1 -1 -1 -1
0 0.910156 0.243902 0.039062 0.084553 -1 -1 -1 -1 -1 -1 -1 -1 -1 -1
0 0.726562 0.533333 0.050781 0.084553 -1 -1 -1 -1 -1 -1 -1 -1 -1 -1
0 0.580566 0.604878 0.049805 0.100813 -1 -1 -1 -1 -1 -1 -1 -1 -1 -1
0 0.779297 0.475610 0.052734 0.089431 -1 -1 -1 -1 -1 -1 -1 -1 -1 -1