0 0.097656 0.575305 0.015625 0.018826 -1 -1 -1 -1 -1 -1 -1 -1 -1 -1
0 0.145996 0.642857 0.020508 0.034330 -1 -1 -1 -1 -1 -1 -1 -1 -1 -1
0 0.322266 0.704873 0.013672 0.029900 -1 -1 -1 -1 -1 -1 -1 -1 -1 -1
0 0.367188 0.708195 0.015625 0.021041 -1 -1 -1 -1 -1 -1 -1 -1 -1 -1
0 0.465820 0.545958 0.025391 0.033223 -1 -1 -1 -1 -1 -1 -1 -1 -1 -1
0 0.480469 0.481728 0.015625 0.019934 -1 -1 -1 -1 -1 -1 -1 -1 -1 -1
0 0.411133 0.487265 0.013672 0.019934 -1 -1 -1 -1 -1 -1 -1 -1 -1 -1
0 0.293945 0.490033 0.013672 0.018826 -1 -1 -1 -1 -1 -1 -1 -1 -1 -1
0 0.552246 0.471761 0.014648 0.019934 -1 -1 -1 -1 -1 -1 -1 -1 -1 -1
0 0.747070 0.487818 0.029297 0.036545 -1 -1 -1 -1 -1 -1 -1 -1 -1 -1
0 0.990723 0.569214 0.018555 0.031008 -1 -1 -1 -1 -1 -1 -1 -1 -1 -1
0 0.988770 0.466777 0.014648 0.018826 -1 -1 -1 -1 -1 -1 -1 -1 -1 -1
0 0.253418 0.573643 0.010742 0.022148 -1 -1 -1 -1 -1 -1 -1 -1 -1 -1
0 0.163086 0.581395 0.009766 0.022148 -1 -1 -1 -1 -1 -1 -1 -1 -1 -1
0 0.075684 0.568660 0.014648 0.023256 -1 -1 -1 -1 -1 -1 -1 -1 -1 -1