0 0.135254 0.363932 0.075195 0.131510 -1 -1 -1 -1 -1 -1 -1 -1 -1 -1
0 0.305664 0.457031 0.074219 0.111979 -1 -1 -1 -1 -1 -1 -1 -1 -1 -1
0 0.428223 0.386068 0.047852 0.082031 -1 -1 -1 -1 -1 -1 -1 -1 -1 -1
0 0.206543 0.299479 0.026367 0.039062 -1 -1 -1 -1 -1 -1 -1 -1 -1 -1
0 0.282715 0.317057 0.028320 0.037760 -1 -1 -1 -1 -1 -1 -1 -1 -1 -1
0 0.345703 0.297526 0.019531 0.029948 -1 -1 -1 -1 -1 -1 -1 -1 -1 -1
0 0.368652 0.332031 0.024414 0.036458 -1 -1 -1 -1 -1 -1 -1 -1 -1 -1
0 0.423340 0.298828 0.018555 0.022135 -1 -1 -1 -1 -1 -1 -1 -1 -1 -1
0 0.414062 0.296875 0.019531 0.036458 -1 -1 -1 -1 -1 -1 -1 -1 -1 -1
0 0.466309 0.301432 0.020508 0.037760 -1 -1 -1 -1 -1 -1 -1 -1 -1 -1
0 0.557129 0.275391 0.022461 0.040365 -1 -1 -1 -1 -1 -1 -1 -1 -1 -1
0 0.603027 0.281901 0.018555 0.032552 -1 -1 -1 -1 -1 -1 -1 -1 -1 -1
0 0.555176 0.367188 0.030273 0.057292 -1 -1 -1 -1 -1 -1 -1 -1 -1 -1
0 0.490234 0.389323 0.027344 0.044271 -1 -1 -1 -1 -1 -1 -1 -1 -1 -1
0 0.645508 0.408203 0.048828 0.074219 -1 -1 -1 -1 -1 -1 -1 -1 -1 -1
0 0.752930 0.308594 0.042969 0.091146 -1 -1 -1 -1 -1 -1 -1 -1 -1 -1
0 0.272949 0.420573 0.045898 0.065104 -1 -1 -1 -1 -1 -1 -1 -1 -1 -1