0 0.221191 0.397944 0.038086 0.061674 -1 -1 -1 -1 -1 -1 -1 -1 -1 -1
0 0.263672 0.375184 0.035156 0.060206 -1 -1 -1 -1 -1 -1 -1 -1 -1 -1
0 0.309570 0.256241 0.041016 0.077827 -1 -1 -1 -1 -1 -1 -1 -1 -1 -1
0 0.370605 0.320852 0.032227 0.066079 -1 -1 -1 -1 -1 -1 -1 -1 -1 -1
0 0.425781 0.331131 0.037109 0.069016 -1 -1 -1 -1 -1 -1 -1 -1 -1 -1
0 0.467285 0.291483 0.040039 0.069016 -1 -1 -1 -1 -1 -1 -1 -1 -1 -1
0 0.503418 0.353157 0.034180 0.066079 -1 -1 -1 -1 -1 -1 -1 -1 -1 -1
0 0.557617 0.331865 0.037109 0.064611 -1 -1 -1 -1 -1 -1 -1 -1 -1 -1
0 0.375488 0.557269 0.034180 0.057269 -1 -1 -1 -1 -1 -1 -1 -1 -1 -1
0 0.419434 0.490455 0.034180 0.061674 -1 -1 -1 -1 -1 -1 -1 -1 -1 -1
0 0.492188 0.481645 0.033203 0.064611 -1 -1 -1 -1 -1 -1 -1 -1 -1 -1
0 0.547852 0.421439 0.035156 0.064611 -1 -1 -1 -1 -1 -1 -1 -1 -1 -1