0 0.055664 0.414835 0.066406 0.151099 -1 -1 -1 -1 -1 -1 -1 -1 -1 -1
0 0.360352 0.277473 0.039062 0.101648 -1 -1 -1 -1 -1 -1 -1 -1 -1 -1
0 0.422852 0.223214 0.056641 0.122253 -1 -1 -1 -1 -1 -1 -1 -1 -1 -1
0 0.534668 0.179258 0.040039 0.097527 -1 -1 -1 -1 -1 -1 -1 -1 -1 -1
0 0.781738 0.146291 0.047852 0.111264 -1 -1 -1 -1 -1 -1 -1 -1 -1 -1
0 0.836426 0.529533 0.086914 0.221154 -1 -1 -1 -1 -1 -1 -1 -1 -1 -1
0 0.994141 0.418269 0.011719 0.133242 -1 -1 -1 -1 -1 -1 -1 -1 -1 -1
0 0.206543 0.166209 0.016602 0.030220 -1 -1 -1 -1 -1 -1 -1 -1 -1 -1
0 0.380859 0.849588 0.029297 0.023352 -1 -1 -1 -1 -1 -1 -1 -1 -1 -1
0 0.775391 0.632555 0.017578 0.015110 -1 -1 -1 -1 -1 -1 -1 -1 -1 -1
0 0.769043 0.652473 0.016602 0.019231 -1 -1 -1 -1 -1 -1 -1 -1 -1 -1