0 0.781738 0.378000 0.040039 0.048000 -1 -1 -1 -1 -1 -1 -1 -1 -1 -1
0 0.854492 0.315500 0.044922 0.053000 -1 -1 -1 -1 -1 -1 -1 -1 -1 -1
0 0.596680 0.078500 0.041016 0.047000 -1 -1 -1 -1 -1 -1 -1 -1 -1 -1
0 0.558105 0.180000 0.034180 0.046000 -1 -1 -1 -1 -1 -1 -1 -1 -1 -1
0 0.455078 0.116500 0.039062 0.045000 -1 -1 -1 -1 -1 -1 -1 -1 -1 -1
0 0.389160 0.188000 0.038086 0.044000 -1 -1 -1 -1 -1 -1 -1 -1 -1 -1
0 0.276855 0.280500 0.036133 0.049000 -1 -1 -1 -1 -1 -1 -1 -1 -1 -1
0 0.491699 0.575000 0.041992 0.046000 -1 -1 -1 -1 -1 -1 -1 -1 -1 -1
0 0.405273 0.425500 0.039062 0.047000 -1 -1 -1 -1 -1 -1 -1 -1 -1 -1
0 0.161621 0.318500 0.034180 0.041000 -1 -1 -1 -1 -1 -1 -1 -1 -1 -1
0 0.718750 0.647000 0.037109 0.038000 -1 -1 -1 -1 -1 -1 -1 -1 -1 -1