0 0.253418 0.232833 0.024414 0.066524 -1 -1 -1 -1 -1 -1 -1 -1 -1 -1
0 0.392090 0.245708 0.020508 0.053648 -1 -1 -1 -1 -1 -1 -1 -1 -1 -1
0 0.471191 0.253219 0.020508 0.051502 -1 -1 -1 -1 -1 -1 -1 -1 -1 -1
0 0.511719 0.242489 0.017578 0.047210 -1 -1 -1 -1 -1 -1 -1 -1 -1 -1
0 0.578125 0.226395 0.019531 0.049356 -1 -1 -1 -1 -1 -1 -1 -1 -1 -1
0 0.624023 0.189914 0.021484 0.057940 -1 -1 -1 -1 -1 -1 -1 -1 -1 -1
0 0.730469 0.196352 0.021484 0.062232 -1 -1 -1 -1 -1 -1 -1 -1 -1 -1
0 0.749512 0.260730 0.020508 0.057940 -1 -1 -1 -1 -1 -1 -1 -1 -1 -1
0 0.855469 0.225322 0.017578 0.042918 -1 -1 -1 -1 -1 -1 -1 -1 -1 -1
0 0.891602 0.179185 0.015625 0.036481 -1 -1 -1 -1 -1 -1 -1 -1 -1 -1
0 0.906738 0.248927 0.020508 0.060086 -1 -1 -1 -1 -1 -1 -1 -1 -1 -1