0 0.073242 0.756510 0.019531 0.026042 -1 -1 -1 -1 -1 -1 -1 -1 -1 -1
0 0.072754 0.792969 0.020508 0.039062 -1 -1 -1 -1 -1 -1 -1 -1 -1 -1
0 0.088867 0.759115 0.013672 0.023438 -1 -1 -1 -1 -1 -1 -1 -1 -1 -1
0 0.292969 0.758464 0.011719 0.022135 -1 -1 -1 -1 -1 -1 -1 -1 -1 -1
0 0.742188 0.762370 0.021484 0.035156 -1 -1 -1 -1 -1 -1 -1 -1 -1 -1
0 0.738770 0.698568 0.014648 0.022135 -1 -1 -1 -1 -1 -1 -1 -1 -1 -1
0 0.618652 0.822917 0.022461 0.049479 -1 -1 -1 -1 -1 -1 -1 -1 -1 -1
0 0.440430 0.451823 0.023438 0.036458 -1 -1 -1 -1 -1 -1 -1 -1 -1 -1
0 0.421387 0.244141 0.022461 0.042969 -1 -1 -1 -1 -1 -1 -1 -1 -1 -1
0 0.093262 0.731771 0.012695 0.023438 -1 -1 -1 -1 -1 -1 -1 -1 -1 -1
0 0.310059 0.787760 0.014648 0.031250 -1 -1 -1 -1 -1 -1 -1 -1 -1 -1