0 0.822266 0.240849 0.019531 0.033675 -1 -1 -1 -1 -1 -1 -1 -1 -1 -1
0 0.757324 0.504392 0.024414 0.039531 -1 -1 -1 -1 -1 -1 -1 -1 -1 -1
0 0.142578 0.174231 0.019531 0.038067 -1 -1 -1 -1 -1 -1 -1 -1 -1 -1
0 0.191895 0.212299 0.018555 0.032211 -1 -1 -1 -1 -1 -1 -1 -1 -1 -1
0 0.136230 0.528551 0.022461 0.040996 -1 -1 -1 -1 -1 -1 -1 -1 -1 -1
0 0.337891 0.453148 0.017578 0.036603 -1 -1 -1 -1 -1 -1 -1 -1 -1 -1
0 0.410645 0.312592 0.020508 0.036603 -1 -1 -1 -1 -1 -1 -1 -1 -1 -1
0 0.463379 0.290630 0.018555 0.039531 -1 -1 -1 -1 -1 -1 -1 -1 -1 -1
0 0.645020 0.326501 0.020508 0.043924 -1 -1 -1 -1 -1 -1 -1 -1 -1 -1
0 0.735840 0.221816 0.022461 0.045388 -1 -1 -1 -1 -1 -1 -1 -1 -1 -1
0 0.717285 0.501464 0.022461 0.042460 -1 -1 -1 -1 -1 -1 -1 -1 -1 -1