0 0.166016 0.256955 0.046875 0.098097 -1 -1 -1 -1 -1 -1 -1 -1 -1 -1
0 0.192871 0.130307 0.012695 0.023426 -1 -1 -1 -1 -1 -1 -1 -1 -1 -1
0 0.212402 0.122987 0.010742 0.017570 -1 -1 -1 -1 -1 -1 -1 -1 -1 -1
0 0.293945 0.189605 0.054688 0.101025 -1 -1 -1 -1 -1 -1 -1 -1 -1 -1
0 0.256836 0.120791 0.023438 0.024890 -1 -1 -1 -1 -1 -1 -1 -1 -1 -1
0 0.345215 0.102489 0.018555 0.038067 -1 -1 -1 -1 -1 -1 -1 -1 -1 -1
0 0.367188 0.122987 0.037109 0.064422 -1 -1 -1 -1 -1 -1 -1 -1 -1 -1
0 0.411133 0.081991 0.023438 0.038067 -1 -1 -1 -1 -1 -1 -1 -1 -1 -1
0 0.437988 0.150805 0.053711 0.105417 -1 -1 -1 -1 -1 -1 -1 -1 -1 -1
0 0.494141 0.153001 0.039062 0.077599 -1 -1 -1 -1 -1 -1 -1 -1 -1 -1
0 0.609863 0.210835 0.055664 0.108346 -1 -1 -1 -1 -1 -1 -1 -1 -1 -1
0 0.624023 0.099561 0.029297 0.043924 -1 -1 -1 -1 -1 -1 -1 -1 -1 -1
0 0.680664 0.125915 0.027344 0.046852 -1 -1 -1 -1 -1 -1 -1 -1 -1 -1
0 0.711914 0.221083 0.050781 0.111274 -1 -1 -1 -1 -1 -1 -1 -1 -1 -1
0 0.766602 0.094436 0.023438 0.045388 -1 -1 -1 -1 -1 -1 -1 -1 -1 -1
0 0.840332 0.225476 0.049805 0.099561 -1 -1 -1 -1 -1 -1 -1 -1 -1 -1
0 0.841309 0.106149 0.030273 0.051245 -1 -1 -1 -1 -1 -1 -1 -1 -1 -1
0 0.882324 0.096633 0.024414 0.043924 -1 -1 -1 -1 -1 -1 -1 -1 -1 -1
0 0.908203 0.135432 0.027344 0.048316 -1 -1 -1 -1 -1 -1 -1 -1 -1 -1
0 0.939453 0.113470 0.011719 0.019034 -1 -1 -1 -1 -1 -1 -1 -1 -1 -1
0 0.967285 0.131772 0.010742 0.020498 -1 -1 -1 -1 -1 -1 -1 -1 -1 -1
0 0.112305 0.146413 0.009766 0.017570 -1 -1 -1 -1 -1 -1 -1 -1 -1 -1