0 0.427246 0.825931 0.006836 0.012894 -1 -1 -1 -1 -1 -1 -1 -1 -1 -1
0 0.489746 0.831662 0.004883 0.010029 -1 -1 -1 -1 -1 -1 -1 -1 -1 -1
0 0.513184 0.820917 0.008789 0.017192 -1 -1 -1 -1 -1 -1 -1 -1 -1 -1
0 0.813965 0.826648 0.006836 0.014327 -1 -1 -1 -1 -1 -1 -1 -1 -1 -1
0 0.858398 0.816619 0.007812 0.014327 -1 -1 -1 -1 -1 -1 -1 -1 -1 -1
0 0.962402 0.841691 0.008789 0.015759 -1 -1 -1 -1 -1 -1 -1 -1 -1 -1
0 0.507324 0.820201 0.006836 0.012894 -1 -1 -1 -1 -1 -1 -1 -1 -1 -1
0 0.505371 0.836676 0.004883 0.008596 -1 -1 -1 -1 -1 -1 -1 -1 -1 -1
0 0.501465 0.835244 0.004883 0.011461 -1 -1 -1 -1 -1 -1 -1 -1 -1 -1
0 0.661621 0.837393 0.004883 0.010029 -1 -1 -1 -1 -1 -1 -1 -1 -1 -1
0 0.220703 0.817335 0.003906 0.007163 -1 -1 -1 -1 -1 -1 -1 -1 -1 -1