0 0.016113 0.345546 0.020508 0.041667 -1 -1 -1 -1 -1 -1 -1 -1 -1 -1
0 0.037598 0.253592 0.014648 0.024425 -1 -1 -1 -1 -1 -1 -1 -1 -1 -1
0 0.263184 0.266523 0.049805 0.104885 -1 -1 -1 -1 -1 -1 -1 -1 -1 -1
0 0.461914 0.310345 0.046875 0.083333 -1 -1 -1 -1 -1 -1 -1 -1 -1 -1
0 0.475586 0.262931 0.021484 0.031609 -1 -1 -1 -1 -1 -1 -1 -1 -1 -1
0 0.467773 0.230603 0.013672 0.021552 -1 -1 -1 -1 -1 -1 -1 -1 -1 -1
0 0.518066 0.254310 0.012695 0.020115 -1 -1 -1 -1 -1 -1 -1 -1 -1 -1
0 0.525391 0.258621 0.003906 0.011494 -1 -1 -1 -1 -1 -1 -1 -1 -1 -1
0 0.676758 0.252874 0.029297 0.066092 -1 -1 -1 -1 -1 -1 -1 -1 -1 -1
0 0.766602 0.227730 0.029297 0.056034 -1 -1 -1 -1 -1 -1 -1 -1 -1 -1
0 0.785645 0.241379 0.014648 0.025862 -1 -1 -1 -1 -1 -1 -1 -1 -1 -1
0 0.803223 0.280172 0.012695 0.017241 -1 -1 -1 -1 -1 -1 -1 -1 -1 -1
0 0.827148 0.260057 0.013672 0.022989 -1 -1 -1 -1 -1 -1 -1 -1 -1 -1
0 0.850586 0.230603 0.013672 0.021552 -1 -1 -1 -1 -1 -1 -1 -1 -1 -1
0 0.913086 0.272989 0.027344 0.043103 -1 -1 -1 -1 -1 -1 -1 -1 -1 -1
0 0.973633 0.272270 0.017578 0.024425 -1 -1 -1 -1 -1 -1 -1 -1 -1 -1
0 0.805664 0.377874 0.013672 0.025862 -1 -1 -1 -1 -1 -1 -1 -1 -1 -1
0 0.815918 0.400144 0.008789 0.018678 -1 -1 -1 -1 -1 -1 -1 -1 -1 -1
0 0.524414 0.174569 0.007812 0.012931 -1 -1 -1 -1 -1 -1 -1 -1 -1 -1