0 0.097656 0.412760 0.013672 0.033854 -1 -1 -1 -1 -1 -1 -1 -1 -1 -1
0 0.172852 0.458984 0.017578 0.027344 -1 -1 -1 -1 -1 -1 -1 -1 -1 -1
0 0.392578 0.407552 0.013672 0.018229 -1 -1 -1 -1 -1 -1 -1 -1 -1 -1
0 0.467285 0.347656 0.016602 0.023438 -1 -1 -1 -1 -1 -1 -1 -1 -1 -1
0 0.469727 0.378906 0.011719 0.026042 -1 -1 -1 -1 -1 -1 -1 -1 -1 -1
0 0.413574 0.584635 0.014648 0.023438 -1 -1 -1 -1 -1 -1 -1 -1 -1 -1
0 0.528809 0.508464 0.020508 0.037760 -1 -1 -1 -1 -1 -1 -1 -1 -1 -1
0 0.574707 0.404948 0.018555 0.028646 -1 -1 -1 -1 -1 -1 -1 -1 -1 -1
0 0.660156 0.460938 0.017578 0.026042 -1 -1 -1 -1 -1 -1 -1 -1 -1 -1
0 0.703125 0.475260 0.021484 0.036458 -1 -1 -1 -1 -1 -1 -1 -1 -1 -1
0 0.650879 0.505859 0.022461 0.035156 -1 -1 -1 -1 -1 -1 -1 -1 -1 -1
0 0.830566 0.571615 0.018555 0.031250 -1 -1 -1 -1 -1 -1 -1 -1 -1 -1
0 0.930664 0.613281 0.017578 0.031250 -1 -1 -1 -1 -1 -1 -1 -1 -1 -1
0 0.851562 0.336589 0.015625 0.011719 -1 -1 -1 -1 -1 -1 -1 -1 -1 -1
0 0.114258 0.447266 0.015625 0.029948 -1 -1 -1 -1 -1 -1 -1 -1 -1 -1
0 0.962891 0.533854 0.011719 0.015625 -1 -1 -1 -1 -1 -1 -1 -1 -1 -1