0 0.602539 0.418523 0.005859 0.009379 -1 -1 -1 -1 -1 -1 -1 -1 -1 -1
0 0.623047 0.426143 0.009766 0.015240 -1 -1 -1 -1 -1 -1 -1 -1 -1 -1
0 0.618164 0.408558 0.009766 0.015240 -1 -1 -1 -1 -1 -1 -1 -1 -1 -1
0 0.710449 0.399179 0.012695 0.022274 -1 -1 -1 -1 -1 -1 -1 -1 -1 -1
0 0.846191 0.423212 0.020508 0.032825 -1 -1 -1 -1 -1 -1 -1 -1 -1 -1
0 0.939941 0.449004 0.045898 0.063306 -1 -1 -1 -1 -1 -1 -1 -1 -1 -1
0 0.492188 0.406800 0.015625 0.028136 -1 -1 -1 -1 -1 -1 -1 -1 -1 -1
0 0.406738 0.387456 0.028320 0.050410 -1 -1 -1 -1 -1 -1 -1 -1 -1 -1
0 0.325195 0.348769 0.050781 0.078546 -1 -1 -1 -1 -1 -1 -1 -1 -1 -1
0 0.286133 0.414420 0.027344 0.052755 -1 -1 -1 -1 -1 -1 -1 -1 -1 -1
0 0.104980 0.474209 0.088867 0.125440 -1 -1 -1 -1 -1 -1 -1 -1 -1 -1
0 0.596191 0.514068 0.016602 0.033998 -1 -1 -1 -1 -1 -1 -1 -1 -1 -1
0 0.633301 0.498242 0.024414 0.037515 -1 -1 -1 -1 -1 -1 -1 -1 -1 -1
0 0.753418 0.535170 0.030273 0.050410 -1 -1 -1 -1 -1 -1 -1 -1 -1 -1
0 0.563477 0.390973 0.019531 0.038687 -1 -1 -1 -1 -1 -1 -1 -1 -1 -1
0 0.547363 0.405627 0.032227 0.049238 -1 -1 -1 -1 -1 -1 -1 -1 -1 -1