0 0.014160 0.339012 0.020508 0.057922 -1 -1 -1 -1 -1 -1 -1 -1 -1 -1
0 0.071289 0.367121 0.033203 0.117547 -1 -1 -1 -1 -1 -1 -1 -1 -1 -1
0 0.145020 0.368825 0.024414 0.066440 -1 -1 -1 -1 -1 -1 -1 -1 -1 -1
0 0.323730 0.388416 0.020508 0.051107 -1 -1 -1 -1 -1 -1 -1 -1 -1 -1
0 0.376953 0.336457 0.021484 0.052811 -1 -1 -1 -1 -1 -1 -1 -1 -1 -1
0 0.404785 0.408859 0.032227 0.078365 -1 -1 -1 -1 -1 -1 -1 -1 -1 -1
0 0.486328 0.378194 0.013672 0.044293 -1 -1 -1 -1 -1 -1 -1 -1 -1 -1
0 0.556152 0.418228 0.053711 0.110733 -1 -1 -1 -1 -1 -1 -1 -1 -1 -1
0 0.665527 0.443782 0.051758 0.124361 -1 -1 -1 -1 -1 -1 -1 -1 -1 -1
0 0.912109 0.374787 0.031250 0.068143 -1 -1 -1 -1 -1 -1 -1 -1 -1 -1
0 0.914551 0.134583 0.006836 0.027257 -1 -1 -1 -1 -1 -1 -1 -1 -1 -1
0 0.891113 0.134583 0.004883 0.023850 -1 -1 -1 -1 -1 -1 -1 -1 -1 -1
0 0.249512 0.463373 0.032227 0.085179 -1 -1 -1 -1 -1 -1 -1 -1 -1 -1
0 0.734375 0.150767 0.005859 0.018739 -1 -1 -1 -1 -1 -1 -1 -1 -1 -1