0 0.881836 0.718506 0.005859 0.004545 -1 -1 -1 -1 -1 -1 -1 -1 -1 -1
0 0.894531 0.724675 0.003906 0.003896 -1 -1 -1 -1 -1 -1 -1 -1 -1 -1
0 0.780273 0.685714 0.017578 0.015584 -1 -1 -1 -1 -1 -1 -1 -1 -1 -1
0 0.784180 0.722078 0.025391 0.027273 -1 -1 -1 -1 -1 -1 -1 -1 -1 -1
0 0.823730 0.734416 0.026367 0.024675 -1 -1 -1 -1 -1 -1 -1 -1 -1 -1
0 0.672852 0.756818 0.027344 0.025325 -1 -1 -1 -1 -1 -1 -1 -1 -1 -1
0 0.234863 0.758442 0.016602 0.019481 -1 -1 -1 -1 -1 -1 -1 -1 -1 -1
0 0.269531 0.725000 0.017578 0.016234 -1 -1 -1 -1 -1 -1 -1 -1 -1 -1
0 0.490234 0.727597 0.009766 0.009740 -1 -1 -1 -1 -1 -1 -1 -1 -1 -1
0 0.515137 0.753896 0.010742 0.007792 -1 -1 -1 -1 -1 -1 -1 -1 -1 -1
0 0.853516 0.720455 0.003906 0.007143 -1 -1 -1 -1 -1 -1 -1 -1 -1 -1