0 0.899902 0.352214 0.045898 0.063802 -1 -1 -1 -1 -1 -1 -1 -1 -1 -1
0 0.770996 0.326172 0.040039 0.058594 -1 -1 -1 -1 -1 -1 -1 -1 -1 -1
0 0.696289 0.307292 0.041016 0.052083 -1 -1 -1 -1 -1 -1 -1 -1 -1 -1
0 0.597656 0.352214 0.039062 0.055990 -1 -1 -1 -1 -1 -1 -1 -1 -1 -1
0 0.610352 0.639323 0.044922 0.062500 -1 -1 -1 -1 -1 -1 -1 -1 -1 -1
0 0.530762 0.322917 0.038086 0.054688 -1 -1 -1 -1 -1 -1 -1 -1 -1 -1
0 0.364746 0.341797 0.045898 0.066406 -1 -1 -1 -1 -1 -1 -1 -1 -1 -1
0 0.460449 0.320964 0.038086 0.063802 -1 -1 -1 -1 -1 -1 -1 -1 -1 -1
0 0.249023 0.294922 0.039062 0.061198 -1 -1 -1 -1 -1 -1 -1 -1 -1 -1
0 0.178711 0.321615 0.046875 0.078125 -1 -1 -1 -1 -1 -1 -1 -1 -1 -1
0 0.060547 0.345052 0.021484 0.033854 -1 -1 -1 -1 -1 -1 -1 -1 -1 -1
0 0.415527 0.337891 0.016602 0.024740 -1 -1 -1 -1 -1 -1 -1 -1 -1 -1
0 0.321777 0.320312 0.014648 0.023438 -1 -1 -1 -1 -1 -1 -1 -1 -1 -1
0 0.491699 0.328125 0.014648 0.018229 -1 -1 -1 -1 -1 -1 -1 -1 -1 -1