0 0.820312 0.309896 0.015625 0.026042 -1 -1 -1 -1 -1 -1 -1 -1 -1 -1
0 0.743652 0.323568 0.018555 0.027344 -1 -1 -1 -1 -1 -1 -1 -1 -1 -1
0 0.929199 0.328776 0.018555 0.032552 -1 -1 -1 -1 -1 -1 -1 -1 -1 -1
0 0.958984 0.559896 0.035156 0.052083 -1 -1 -1 -1 -1 -1 -1 -1 -1 -1
0 0.791992 0.830078 0.052734 0.074219 -1 -1 -1 -1 -1 -1 -1 -1 -1 -1
0 0.762207 0.588542 0.041992 0.057292 -1 -1 -1 -1 -1 -1 -1 -1 -1 -1
0 0.517578 0.484375 0.033203 0.044271 -1 -1 -1 -1 -1 -1 -1 -1 -1 -1
0 0.502441 0.677083 0.030273 0.049479 -1 -1 -1 -1 -1 -1 -1 -1 -1 -1
0 0.383301 0.621094 0.036133 0.036458 -1 -1 -1 -1 -1 -1 -1 -1 -1 -1
0 0.261230 0.589193 0.024414 0.029948 -1 -1 -1 -1 -1 -1 -1 -1 -1 -1
0 0.312500 0.401042 0.031250 0.041667 -1 -1 -1 -1 -1 -1 -1 -1 -1 -1
0 0.239258 0.457682 0.019531 0.035156 -1 -1 -1 -1 -1 -1 -1 -1 -1 -1
0 0.290527 0.319010 0.022461 0.039062 -1 -1 -1 -1 -1 -1 -1 -1 -1 -1
0 0.262207 0.300130 0.022461 0.029948 -1 -1 -1 -1 -1 -1 -1 -1 -1 -1
0 0.092285 0.350260 0.020508 0.033854 -1 -1 -1 -1 -1 -1 -1 -1 -1 -1