0 0.064453 0.370649 0.058594 0.054589 -1 -1 -1 -1 -1 -1 -1 -1 -1 -1
0 0.105469 0.413370 0.027344 0.027690 -1 -1 -1 -1 -1 -1 -1 -1 -1 -1
0 0.187012 0.406250 0.049805 0.056171 -1 -1 -1 -1 -1 -1 -1 -1 -1 -1
0 0.250488 0.398734 0.028320 0.028481 -1 -1 -1 -1 -1 -1 -1 -1 -1 -1
0 0.280273 0.407437 0.029297 0.030063 -1 -1 -1 -1 -1 -1 -1 -1 -1 -1
0 0.308105 0.405854 0.034180 0.036392 -1 -1 -1 -1 -1 -1 -1 -1 -1 -1
0 0.422363 0.392009 0.036133 0.037184 -1 -1 -1 -1 -1 -1 -1 -1 -1 -1
0 0.506836 0.411788 0.046875 0.045095 -1 -1 -1 -1 -1 -1 -1 -1 -1 -1
0 0.437988 0.469541 0.041992 0.041930 -1 -1 -1 -1 -1 -1 -1 -1 -1 -1
0 0.583496 0.458070 0.053711 0.052215 -1 -1 -1 -1 -1 -1 -1 -1 -1 -1
0 0.672363 0.452532 0.051758 0.049051 -1 -1 -1 -1 -1 -1 -1 -1 -1 -1
0 0.707031 0.412579 0.066406 0.054589 -1 -1 -1 -1 -1 -1 -1 -1 -1 -1
0 0.498535 0.570016 0.045898 0.045095 -1 -1 -1 -1 -1 -1 -1 -1 -1 -1
0 0.598145 0.612737 0.051758 0.037184 -1 -1 -1 -1 -1 -1 -1 -1 -1 -1
0 0.696777 0.602453 0.055664 0.046677 -1 -1 -1 -1 -1 -1 -1 -1 -1 -1
0 0.312500 0.522547 0.060547 0.035601 -1 -1 -1 -1 -1 -1 -1 -1 -1 -1
0 0.400879 0.586234 0.051758 0.052215 -1 -1 -1 -1 -1 -1 -1 -1 -1 -1
0 0.318848 0.632516 0.061523 0.060918 -1 -1 -1 -1 -1 -1 -1 -1 -1 -1