0 0.222656 0.389323 0.019531 0.052083 -1 -1 -1 -1 -1 -1 -1 -1 -1 -1
0 0.238770 0.378255 0.020508 0.027344 -1 -1 -1 -1 -1 -1 -1 -1 -1 -1
0 0.280762 0.399740 0.014648 0.028646 -1 -1 -1 -1 -1 -1 -1 -1 -1 -1
0 0.309082 0.388672 0.014648 0.035156 -1 -1 -1 -1 -1 -1 -1 -1 -1 -1
0 0.317871 0.386719 0.020508 0.039062 -1 -1 -1 -1 -1 -1 -1 -1 -1 -1
0 0.391602 0.400391 0.019531 0.040365 -1 -1 -1 -1 -1 -1 -1 -1 -1 -1
0 0.434082 0.386068 0.020508 0.040365 -1 -1 -1 -1 -1 -1 -1 -1 -1 -1
0 0.597656 0.358073 0.013672 0.020833 -1 -1 -1 -1 -1 -1 -1 -1 -1 -1
0 0.655273 0.384115 0.027344 0.049479 -1 -1 -1 -1 -1 -1 -1 -1 -1 -1
0 0.720703 0.360026 0.029297 0.053385 -1 -1 -1 -1 -1 -1 -1 -1 -1 -1
0 0.837402 0.350911 0.036133 0.074219 -1 -1 -1 -1 -1 -1 -1 -1 -1 -1
0 0.891602 0.370443 0.023438 0.063802 -1 -1 -1 -1 -1 -1 -1 -1 -1 -1