0 0.223633 0.472841 0.023438 0.035619 -1 -1 -1 -1 -1 -1 -1 -1 -1 -1
0 0.239746 0.450579 0.022461 0.035619 -1 -1 -1 -1 -1 -1 -1 -1 -1 -1
0 0.264160 0.443900 0.018555 0.031167 -1 -1 -1 -1 -1 -1 -1 -1 -1 -1
0 0.275391 0.431434 0.037109 0.047195 -1 -1 -1 -1 -1 -1 -1 -1 -1 -1
0 0.304688 0.382012 0.041016 0.046305 -1 -1 -1 -1 -1 -1 -1 -1 -1 -1
0 0.362793 0.362867 0.045898 0.052538 -1 -1 -1 -1 -1 -1 -1 -1 -1 -1
0 0.433594 0.323687 0.048828 0.061443 -1 -1 -1 -1 -1 -1 -1 -1 -1 -1
0 0.543457 0.384239 0.030273 0.048976 -1 -1 -1 -1 -1 -1 -1 -1 -1 -1
0 0.609863 0.347284 0.047852 0.055209 -1 -1 -1 -1 -1 -1 -1 -1 -1 -1
0 0.781738 0.269368 0.059570 0.077471 -1 -1 -1 -1 -1 -1 -1 -1 -1 -1
0 0.943848 0.500000 0.022461 0.024043 -1 -1 -1 -1 -1 -1 -1 -1 -1 -1
0 0.979004 0.508014 0.026367 0.024043 -1 -1 -1 -1 -1 -1 -1 -1 -1 -1
0 0.732422 0.536064 0.019531 0.017809 -1 -1 -1 -1 -1 -1 -1 -1 -1 -1