0 0.020508 0.205995 0.039062 0.082908 -1 -1 -1 -1 -1 -1 -1 -1 -1 -1
0 0.068359 0.184311 0.044922 0.075255 -1 -1 -1 -1 -1 -1 -1 -1 -1 -1
0 0.145996 0.161990 0.045898 0.071429 -1 -1 -1 -1 -1 -1 -1 -1 -1 -1
0 0.198242 0.169643 0.037109 0.066327 -1 -1 -1 -1 -1 -1 -1 -1 -1 -1
0 0.238281 0.173469 0.041016 0.056122 -1 -1 -1 -1 -1 -1 -1 -1 -1 -1
0 0.303711 0.102679 0.042969 0.062500 -1 -1 -1 -1 -1 -1 -1 -1 -1 -1
0 0.367676 0.137755 0.041992 0.071429 -1 -1 -1 -1 -1 -1 -1 -1 -1 -1
0 0.434082 0.213648 0.043945 0.067602 -1 -1 -1 -1 -1 -1 -1 -1 -1 -1
0 0.490723 0.147959 0.040039 0.066327 -1 -1 -1 -1 -1 -1 -1 -1 -1 -1
0 0.521973 0.179209 0.036133 0.062500 -1 -1 -1 -1 -1 -1 -1 -1 -1 -1
0 0.603027 0.260842 0.045898 0.065051 -1 -1 -1 -1 -1 -1 -1 -1 -1 -1
0 0.069336 0.477679 0.048828 0.072704 -1 -1 -1 -1 -1 -1 -1 -1 -1 -1
0 0.195801 0.516582 0.041992 0.063776 -1 -1 -1 -1 -1 -1 -1 -1 -1 -1
0 0.294922 0.427934 0.042969 0.070153 -1 -1 -1 -1 -1 -1 -1 -1 -1 -1
0 0.275879 0.547194 0.047852 0.079082 -1 -1 -1 -1 -1 -1 -1 -1 -1 -1
0 0.392090 0.566327 0.051758 0.081633 -1 -1 -1 -1 -1 -1 -1 -1 -1 -1
0 0.414551 0.438776 0.049805 0.079082 -1 -1 -1 -1 -1 -1 -1 -1 -1 -1
0 0.647949 0.435587 0.049805 0.065051 -1 -1 -1 -1 -1 -1 -1 -1 -1 -1
0 0.534668 0.498087 0.051758 0.098214 -1 -1 -1 -1 -1 -1 -1 -1 -1 -1