0 0.151855 0.243286 0.022461 0.050553 -1 -1 -1 -1 -1 -1 -1 -1 -1 -1
0 0.118164 0.180095 0.013672 0.031596 -1 -1 -1 -1 -1 -1 -1 -1 -1 -1
0 0.268066 0.219589 0.012695 0.028436 -1 -1 -1 -1 -1 -1 -1 -1 -1 -1
0 0.297363 0.244076 0.014648 0.033175 -1 -1 -1 -1 -1 -1 -1 -1 -1 -1
0 0.302734 0.306477 0.015625 0.034755 -1 -1 -1 -1 -1 -1 -1 -1 -1 -1
0 0.349121 0.317536 0.016602 0.037915 -1 -1 -1 -1 -1 -1 -1 -1 -1 -1
0 0.350098 0.247235 0.012695 0.020537 -1 -1 -1 -1 -1 -1 -1 -1 -1 -1
0 0.379883 0.345972 0.021484 0.037915 -1 -1 -1 -1 -1 -1 -1 -1 -1 -1
0 0.405273 0.390205 0.017578 0.041074 -1 -1 -1 -1 -1 -1 -1 -1 -1 -1
0 0.467773 0.293049 0.011719 0.030016 -1 -1 -1 -1 -1 -1 -1 -1 -1 -1
0 0.510742 0.315166 0.011719 0.026856 -1 -1 -1 -1 -1 -1 -1 -1 -1 -1
0 0.483887 0.344392 0.012695 0.031596 -1 -1 -1 -1 -1 -1 -1 -1 -1 -1
0 0.452148 0.397314 0.021484 0.048973 -1 -1 -1 -1 -1 -1 -1 -1 -1 -1
0 0.512695 0.378357 0.019531 0.033175 -1 -1 -1 -1 -1 -1 -1 -1 -1 -1
0 0.526855 0.349921 0.014648 0.026856 -1 -1 -1 -1 -1 -1 -1 -1 -1 -1
0 0.576172 0.358610 0.015625 0.031596 -1 -1 -1 -1 -1 -1 -1 -1 -1 -1
0 0.478027 0.465245 0.020508 0.045814 -1 -1 -1 -1 -1 -1 -1 -1 -1 -1
0 0.575684 0.426540 0.024414 0.034755 -1 -1 -1 -1 -1 -1 -1 -1 -1 -1
0 0.582031 0.518167 0.031250 0.063191 -1 -1 -1 -1 -1 -1 -1 -1 -1 -1
0 0.622559 0.476303 0.022461 0.026856 -1 -1 -1 -1 -1 -1 -1 -1 -1 -1
0 0.668457 0.399684 0.016602 0.037915 -1 -1 -1 -1 -1 -1 -1 -1 -1 -1
0 0.723145 0.454186 0.016602 0.042654 -1 -1 -1 -1 -1 -1 -1 -1 -1 -1
0 0.854004 0.345182 0.012695 0.036335 -1 -1 -1 -1 -1 -1 -1 -1 -1 -1
0 0.828613 0.498420 0.022461 0.039494 -1 -1 -1 -1 -1 -1 -1 -1 -1 -1
0 0.679688 0.641390 0.033203 0.066351 -1 -1 -1 -1 -1 -1 -1 -1 -1 -1
0 0.894043 0.556872 0.022461 0.045814 -1 -1 -1 -1 -1 -1 -1 -1 -1 -1
0 0.932129 0.591627 0.016602 0.048973 -1 -1 -1 -1 -1 -1 -1 -1 -1 -1
0 0.292969 0.481043 0.025391 0.058452 -1 -1 -1 -1 -1 -1 -1 -1 -1 -1
0 0.318848 0.272512 0.016602 0.020537 -1 -1 -1 -1 -1 -1 -1 -1 -1 -1
0 0.355957 0.259874 0.012695 0.023697 -1 -1 -1 -1 -1 -1 -1 -1 -1 -1