0 0.250977 0.386866 0.023438 0.027308 -1 -1 -1 -1 -1 -1 -1 -1 -1 -1
0 0.296387 0.413524 0.016602 0.031209 -1 -1 -1 -1 -1 -1 -1 -1 -1 -1
0 0.324219 0.401821 0.011719 0.031209 -1 -1 -1 -1 -1 -1 -1 -1 -1 -1
0 0.355957 0.388817 0.020508 0.031209 -1 -1 -1 -1 -1 -1 -1 -1 -1 -1
0 0.419434 0.418075 0.016602 0.029909 -1 -1 -1 -1 -1 -1 -1 -1 -1 -1
0 0.460449 0.409623 0.014648 0.026008 -1 -1 -1 -1 -1 -1 -1 -1 -1 -1
0 0.517578 0.426528 0.021484 0.028609 -1 -1 -1 -1 -1 -1 -1 -1 -1 -1
0 0.584961 0.405722 0.015625 0.031209 -1 -1 -1 -1 -1 -1 -1 -1 -1 -1
0 0.611328 0.418726 0.017578 0.026008 -1 -1 -1 -1 -1 -1 -1 -1 -1 -1
0 0.675293 0.410923 0.012695 0.028609 -1 -1 -1 -1 -1 -1 -1 -1 -1 -1
0 0.687988 0.403771 0.022461 0.032510 -1 -1 -1 -1 -1 -1 -1 -1 -1 -1
0 0.760254 0.454486 0.008789 0.011704 -1 -1 -1 -1 -1 -1 -1 -1 -1 -1
0 0.013184 0.405722 0.010742 0.020806 -1 -1 -1 -1 -1 -1 -1 -1 -1 -1
0 0.728027 0.453186 0.008789 0.019506 -1 -1 -1 -1 -1 -1 -1 -1 -1 -1
0 0.809570 0.459688 0.009766 0.014304 -1 -1 -1 -1 -1 -1 -1 -1 -1 -1