0 0.060059 0.400312 0.016602 0.021807 -1 -1 -1 -1 -1 -1 -1 -1 -1 -1
0 0.101074 0.394860 0.016602 0.029595 -1 -1 -1 -1 -1 -1 -1 -1 -1 -1
0 0.141602 0.394081 0.017578 0.034268 -1 -1 -1 -1 -1 -1 -1 -1 -1 -1
0 0.214844 0.440810 0.023438 0.043614 -1 -1 -1 -1 -1 -1 -1 -1 -1 -1
0 0.276855 0.394860 0.018555 0.029595 -1 -1 -1 -1 -1 -1 -1 -1 -1 -1
0 0.321289 0.412773 0.019531 0.031153 -1 -1 -1 -1 -1 -1 -1 -1 -1 -1
0 0.370605 0.405763 0.020508 0.042056 -1 -1 -1 -1 -1 -1 -1 -1 -1 -1
0 0.455078 0.419003 0.025391 0.046729 -1 -1 -1 -1 -1 -1 -1 -1 -1 -1
0 0.538574 0.398754 0.018555 0.034268 -1 -1 -1 -1 -1 -1 -1 -1 -1 -1
0 0.565918 0.449377 0.028320 0.048287 -1 -1 -1 -1 -1 -1 -1 -1 -1 -1
0 0.592285 0.429128 0.018555 0.045171 -1 -1 -1 -1 -1 -1 -1 -1 -1 -1
0 0.726562 0.414330 0.027344 0.052960 -1 -1 -1 -1 -1 -1 -1 -1 -1 -1
0 0.771484 0.429128 0.025391 0.045171 -1 -1 -1 -1 -1 -1 -1 -1 -1 -1
0 0.471680 0.392523 0.007812 0.015576 -1 -1 -1 -1 -1 -1 -1 -1 -1 -1
0 0.496094 0.392523 0.007812 0.012461 -1 -1 -1 -1 -1 -1 -1 -1 -1 -1