0 0.088867 0.371995 0.095703 0.072125 -1 -1 -1 -1 -1 -1 -1 -1 -1 -1
0 0.745605 0.528915 0.116211 0.076673 -1 -1 -1 -1 -1 -1 -1 -1 -1 -1
0 0.656738 0.454841 0.061523 0.061079 -1 -1 -1 -1 -1 -1 -1 -1 -1 -1
0 0.946289 0.657895 0.107422 0.112411 -1 -1 -1 -1 -1 -1 -1 -1 -1 -1
0 0.865234 0.424626 0.107422 0.074724 -1 -1 -1 -1 -1 -1 -1 -1 -1 -1
0 0.972168 0.507797 0.055664 0.068226 -1 -1 -1 -1 -1 -1 -1 -1 -1 -1
0 0.961426 0.347953 0.071289 0.068226 -1 -1 -1 -1 -1 -1 -1 -1 -1 -1
0 0.851562 0.294997 0.056641 0.049383 -1 -1 -1 -1 -1 -1 -1 -1 -1 -1
0 0.129883 0.333008 0.072266 0.057830 -1 -1 -1 -1 -1 -1 -1 -1 -1 -1
0 0.230469 0.246589 0.060547 0.051332 -1 -1 -1 -1 -1 -1 -1 -1 -1 -1
0 0.404297 0.240741 0.166016 0.128005 -1 -1 -1 -1 -1 -1 -1 -1 -1 -1
0 0.729980 0.261858 0.067383 0.062378 -1 -1 -1 -1 -1 -1 -1 -1 -1 -1
0 0.803711 0.199155 0.064453 0.052632 -1 -1 -1 -1 -1 -1 -1 -1 -1 -1
0 0.948242 0.204678 0.056641 0.048083 -1 -1 -1 -1 -1 -1 -1 -1 -1 -1
0 0.982910 0.153021 0.034180 0.047433 -1 -1 -1 -1 -1 -1 -1 -1 -1 -1
0 0.954590 0.093242 0.041992 0.034438 -1 -1 -1 -1 -1 -1 -1 -1 -1 -1
0 0.560547 0.146524 0.048828 0.043535 -1 -1 -1 -1 -1 -1 -1 -1 -1 -1
0 0.750977 0.121832 0.046875 0.037037 -1 -1 -1 -1 -1 -1 -1 -1 -1 -1
0 0.207031 0.112411 0.041016 0.032489 -1 -1 -1 -1 -1 -1 -1 -1 -1 -1
0 0.545410 0.053606 0.036133 0.027940 -1 -1 -1 -1 -1 -1 -1 -1 -1 -1
0 0.593262 0.235867 0.045898 0.036387 -1 -1 -1 -1 -1 -1 -1 -1 -1 -1
0 0.649902 0.112736 0.032227 0.029240 -1 -1 -1 -1 -1 -1 -1 -1 -1 -1
0 0.689941 0.051007 0.038086 0.029240 -1 -1 -1 -1 -1 -1 -1 -1 -1 -1
0 0.848633 0.058155 0.035156 0.026641 -1 -1 -1 -1 -1 -1 -1 -1 -1 -1
0 0.915039 0.077323 0.033203 0.028590 -1 -1 -1 -1 -1 -1 -1 -1 -1 -1
0 0.171387 0.076673 0.034180 0.022092 -1 -1 -1 -1 -1 -1 -1 -1 -1 -1
0 0.240723 0.040936 0.030273 0.025991 -1 -1 -1 -1 -1 -1 -1 -1 -1 -1
0 0.504883 0.093242 0.025391 0.026641 -1 -1 -1 -1 -1 -1 -1 -1 -1 -1
0 0.446777 0.085770 0.020508 0.018194 -1 -1 -1 -1 -1 -1 -1 -1 -1 -1
0 0.152344 0.200780 0.035156 0.028590 -1 -1 -1 -1 -1 -1 -1 -1 -1 -1
0 0.742676 0.038337 0.032227 0.022092 -1 -1 -1 -1 -1 -1 -1 -1 -1 -1
0 0.959473 0.045159 0.036133 0.031839 -1 -1 -1 -1 -1 -1 -1 -1 -1 -1
0 0.266602 0.087070 0.027344 0.028590 -1 -1 -1 -1 -1 -1 -1 -1 -1 -1
0 0.163574 0.044509 0.045898 0.029240 -1 -1 -1 -1 -1 -1 -1 -1 -1 -1
0 0.308105 0.038986 0.032227 0.020793 -1 -1 -1 -1 -1 -1 -1 -1 -1 -1
0 0.357422 0.046134 0.027344 0.020793 -1 -1 -1 -1 -1 -1 -1 -1 -1 -1
0 0.010254 0.623132 0.020508 0.098765 -1 -1 -1 -1 -1 -1 -1 -1 -1 -1