0 0.280762 0.582895 0.012695 0.021053 -1 -1 -1 -1 -1 -1 -1 -1 -1 -1
0 0.154297 0.690789 0.015625 0.028947 -1 -1 -1 -1 -1 -1 -1 -1 -1 -1
0 0.312012 0.715132 0.016602 0.027632 -1 -1 -1 -1 -1 -1 -1 -1 -1 -1
0 0.420410 0.588816 0.014648 0.022368 -1 -1 -1 -1 -1 -1 -1 -1 -1 -1
0 0.299316 0.785526 0.016602 0.034211 -1 -1 -1 -1 -1 -1 -1 -1 -1 -1
0 0.173340 0.201974 0.008789 0.011842 -1 -1 -1 -1 -1 -1 -1 -1 -1 -1
0 0.206055 0.284868 0.007812 0.014474 -1 -1 -1 -1 -1 -1 -1 -1 -1 -1
0 0.247559 0.289474 0.008789 0.013158 -1 -1 -1 -1 -1 -1 -1 -1 -1 -1
0 0.333984 0.200658 0.007812 0.011842 -1 -1 -1 -1 -1 -1 -1 -1 -1 -1
0 0.277832 0.105921 0.006836 0.009211 -1 -1 -1 -1 -1 -1 -1 -1 -1 -1
0 0.551758 0.116447 0.005859 0.009211 -1 -1 -1 -1 -1 -1 -1 -1 -1 -1
0 0.521484 0.108553 0.003906 0.006579 -1 -1 -1 -1 -1 -1 -1 -1 -1 -1
0 0.733887 0.233553 0.004883 0.009211 -1 -1 -1 -1 -1 -1 -1 -1 -1 -1
0 0.798828 0.770395 0.025391 0.038158 -1 -1 -1 -1 -1 -1 -1 -1 -1 -1
0 0.873535 0.765132 0.024414 0.035526 -1 -1 -1 -1 -1 -1 -1 -1 -1 -1
0 0.918457 0.774342 0.012695 0.025000 -1 -1 -1 -1 -1 -1 -1 -1 -1 -1
0 0.870605 0.563158 0.012695 0.021053 -1 -1 -1 -1 -1 -1 -1 -1 -1 -1
0 0.889648 0.496053 0.011719 0.018421 -1 -1 -1 -1 -1 -1 -1 -1 -1 -1
0 0.813477 0.639474 0.009766 0.018421 -1 -1 -1 -1 -1 -1 -1 -1 -1 -1
0 0.987305 0.465132 0.007812 0.014474 -1 -1 -1 -1 -1 -1 -1 -1 -1 -1
0 0.989258 0.784211 0.011719 0.023684 -1 -1 -1 -1 -1 -1 -1 -1 -1 -1