0 0.944824 0.123489 0.043945 0.101900 -1 -1 -1 -1 -1 -1 -1 -1 -1 -1
0 0.883789 0.124352 0.042969 0.096718 -1 -1 -1 -1 -1 -1 -1 -1 -1 -1
0 0.802734 0.106218 0.046875 0.084629 -1 -1 -1 -1 -1 -1 -1 -1 -1 -1
0 0.955078 0.535406 0.072266 0.138169 -1 -1 -1 -1 -1 -1 -1 -1 -1 -1
0 0.847168 0.341105 0.057617 0.129534 -1 -1 -1 -1 -1 -1 -1 -1 -1 -1
0 0.780273 0.388601 0.046875 0.096718 -1 -1 -1 -1 -1 -1 -1 -1 -1 -1
0 0.738281 0.470639 0.052734 0.115717 -1 -1 -1 -1 -1 -1 -1 -1 -1 -1
0 0.991211 0.663212 0.017578 0.155440 -1 -1 -1 -1 -1 -1 -1 -1 -1 -1
0 0.735352 0.832470 0.083984 0.186528 -1 -1 -1 -1 -1 -1 -1 -1 -1 -1
0 0.684570 0.651123 0.078125 0.151986 -1 -1 -1 -1 -1 -1 -1 -1 -1 -1
0 0.831055 0.654577 0.066406 0.138169 -1 -1 -1 -1 -1 -1 -1 -1 -1 -1
0 0.646484 0.504318 0.074219 0.131261 -1 -1 -1 -1 -1 -1 -1 -1 -1 -1
0 0.473633 0.547496 0.087891 0.169257 -1 -1 -1 -1 -1 -1 -1 -1 -1 -1
0 0.768555 0.088083 0.039062 0.086356 -1 -1 -1 -1 -1 -1 -1 -1 -1 -1
0 0.498047 0.108808 0.058594 0.103627 -1 -1 -1 -1 -1 -1 -1 -1 -1 -1
0 0.577637 0.223661 0.041992 0.091537 -1 -1 -1 -1 -1 -1 -1 -1 -1 -1
0 0.646484 0.110535 0.037109 0.089810 -1 -1 -1 -1 -1 -1 -1 -1 -1 -1
0 0.466797 0.314335 0.046875 0.103627 -1 -1 -1 -1 -1 -1 -1 -1 -1 -1
0 0.280273 0.205527 0.064453 0.127807 -1 -1 -1 -1 -1 -1 -1 -1 -1 -1
0 0.540527 0.862694 0.098633 0.191710 -1 -1 -1 -1 -1 -1 -1 -1 -1 -1
0 0.833496 0.022453 0.036133 0.044905 -1 -1 -1 -1 -1 -1 -1 -1 -1 -1
0 0.550293 0.036269 0.045898 0.072539 -1 -1 -1 -1 -1 -1 -1 -1 -1 -1
0 0.049805 0.127807 0.070312 0.124352 -1 -1 -1 -1 -1 -1 -1 -1 -1 -1
0 0.282227 0.520725 0.087891 0.181347 -1 -1 -1 -1 -1 -1 -1 -1 -1 -1
0 0.693359 0.386010 0.042969 0.098446 -1 -1 -1 -1 -1 -1 -1 -1 -1 -1
0 0.723633 0.026770 0.042969 0.050086 -1 -1 -1 -1 -1 -1 -1 -1 -1 -1
0 0.335938 0.074266 0.042969 0.100173 -1 -1 -1 -1 -1 -1 -1 -1 -1 -1
0 0.197754 0.142487 0.049805 0.101900 -1 -1 -1 -1 -1 -1 -1 -1 -1 -1
0 0.428223 0.404145 0.071289 0.134715 -1 -1 -1 -1 -1 -1 -1 -1 -1 -1
0 0.952148 0.057858 0.039062 0.067358 -1 -1 -1 -1 -1 -1 -1 -1 -1 -1
0 0.888672 0.021589 0.009766 0.022453 -1 -1 -1 -1 -1 -1 -1 -1 -1 -1
0 0.898438 0.032815 0.009766 0.024180 -1 -1 -1 -1 -1 -1 -1 -1 -1 -1
0 0.967773 0.225389 0.035156 0.088083 -1 -1 -1 -1 -1 -1 -1 -1 -1 -1
0 0.983398 0.235751 0.033203 0.101900 -1 -1 -1 -1 -1 -1 -1 -1 -1 -1