0 0.111816 0.291121 0.038086 0.072780 -1 -1 -1 -1 -1 -1 -1 -1 -1 -1
0 0.270508 0.409025 0.068359 0.128093 -1 -1 -1 -1 -1 -1 -1 -1 -1 -1
0 0.532227 0.572052 0.068359 0.163028 -1 -1 -1 -1 -1 -1 -1 -1 -1 -1
0 0.080566 0.191412 0.026367 0.048035 -1 -1 -1 -1 -1 -1 -1 -1 -1 -1
0 0.213867 0.143377 0.031250 0.062591 -1 -1 -1 -1 -1 -1 -1 -1 -1 -1
0 0.581543 0.154294 0.012695 0.029112 -1 -1 -1 -1 -1 -1 -1 -1 -1 -1
0 0.667480 0.095342 0.014648 0.027656 -1 -1 -1 -1 -1 -1 -1 -1 -1 -1
0 0.684082 0.128093 0.014648 0.026201 -1 -1 -1 -1 -1 -1 -1 -1 -1 -1
0 0.888184 0.093159 0.012695 0.032023 -1 -1 -1 -1 -1 -1 -1 -1 -1 -1
0 0.707031 0.040029 0.011719 0.024745 -1 -1 -1 -1 -1 -1 -1 -1 -1 -1
0 0.770020 0.142649 0.016602 0.029112 -1 -1 -1 -1 -1 -1 -1 -1 -1 -1