0 0.702148 0.512370 0.068359 0.126302 -1 -1 -1 -1 -1 -1 -1 -1 -1 -1
0 0.608887 0.509115 0.061523 0.109375 -1 -1 -1 -1 -1 -1 -1 -1 -1 -1
0 0.608398 0.323568 0.056641 0.105469 -1 -1 -1 -1 -1 -1 -1 -1 -1 -1
0 0.713379 0.421224 0.053711 0.089844 -1 -1 -1 -1 -1 -1 -1 -1 -1 -1
0 0.474609 0.533203 0.066406 0.118490 -1 -1 -1 -1 -1 -1 -1 -1 -1 -1
0 0.418945 0.483073 0.054688 0.093750 -1 -1 -1 -1 -1 -1 -1 -1 -1 -1
0 0.461914 0.396484 0.046875 0.076823 -1 -1 -1 -1 -1 -1 -1 -1 -1 -1
0 0.338867 0.489583 0.052734 0.104167 -1 -1 -1 -1 -1 -1 -1 -1 -1 -1
0 0.292969 0.395833 0.044922 0.080729 -1 -1 -1 -1 -1 -1 -1 -1 -1 -1
0 0.243652 0.476562 0.055664 0.101562 -1 -1 -1 -1 -1 -1 -1 -1 -1 -1
0 0.170410 0.472656 0.047852 0.091146 -1 -1 -1 -1 -1 -1 -1 -1 -1 -1
0 0.090332 0.494141 0.057617 0.095052 -1 -1 -1 -1 -1 -1 -1 -1 -1 -1