0 0.688477 0.417034 0.039062 0.067548 -1 -1 -1 -1 -1 -1 -1 -1 -1 -1
0 0.633301 0.436123 0.040039 0.076358 -1 -1 -1 -1 -1 -1 -1 -1 -1 -1
0 0.577148 0.364170 0.033203 0.052863 -1 -1 -1 -1 -1 -1 -1 -1 -1 -1
0 0.659668 0.265786 0.040039 0.070485 -1 -1 -1 -1 -1 -1 -1 -1 -1 -1
0 0.636719 0.231278 0.033203 0.060206 -1 -1 -1 -1 -1 -1 -1 -1 -1 -1
0 0.528809 0.521292 0.036133 0.070485 -1 -1 -1 -1 -1 -1 -1 -1 -1 -1
0 0.467285 0.380323 0.036133 0.067548 -1 -1 -1 -1 -1 -1 -1 -1 -1 -1
0 0.470215 0.556535 0.034180 0.070485 -1 -1 -1 -1 -1 -1 -1 -1 -1 -1
0 0.426758 0.539648 0.031250 0.063142 -1 -1 -1 -1 -1 -1 -1 -1 -1 -1
0 0.361328 0.397944 0.037109 0.067548 -1 -1 -1 -1 -1 -1 -1 -1 -1 -1
0 0.374512 0.699706 0.034180 0.051395 -1 -1 -1 -1 -1 -1 -1 -1 -1 -1