0 0.051270 0.349174 0.014648 0.028926 -1 -1 -1 -1 -1 -1 -1 -1 -1 -1
0 0.094238 0.451102 0.041992 0.075758 -1 -1 -1 -1 -1 -1 -1 -1 -1 -1
0 0.097168 0.334022 0.012695 0.017906 -1 -1 -1 -1 -1 -1 -1 -1 -1 -1
0 0.245605 0.542700 0.047852 0.085399 -1 -1 -1 -1 -1 -1 -1 -1 -1 -1
0 0.257324 0.453857 0.040039 0.056474 -1 -1 -1 -1 -1 -1 -1 -1 -1 -1
0 0.384766 0.524793 0.041016 0.060606 -1 -1 -1 -1 -1 -1 -1 -1 -1 -1
0 0.470215 0.489669 0.038086 0.059229 -1 -1 -1 -1 -1 -1 -1 -1 -1 -1
0 0.438965 0.711433 0.053711 0.086777 -1 -1 -1 -1 -1 -1 -1 -1 -1 -1
0 0.885742 0.301653 0.099609 0.165289 -1 -1 -1 -1 -1 -1 -1 -1 -1 -1
0 0.140137 0.398072 0.012695 0.019284 -1 -1 -1 -1 -1 -1 -1 -1 -1 -1
0 0.142090 0.336088 0.014648 0.022039 -1 -1 -1 -1 -1 -1 -1 -1 -1 -1
0 0.027344 0.274793 0.009766 0.017906 -1 -1 -1 -1 -1 -1 -1 -1 -1 -1
0 0.081543 0.296832 0.006836 0.012397 -1 -1 -1 -1 -1 -1 -1 -1 -1 -1