0 0.761230 0.397727 0.018555 0.034848 -1 -1 -1 -1 -1 -1 -1 -1 -1 -1
0 0.729980 0.305303 0.008789 0.016667 -1 -1 -1 -1 -1 -1 -1 -1 -1 -1
0 0.752441 0.325758 0.006836 0.015152 -1 -1 -1 -1 -1 -1 -1 -1 -1 -1
0 0.796875 0.298485 0.007812 0.012121 -1 -1 -1 -1 -1 -1 -1 -1 -1 -1
0 0.630371 0.305303 0.008789 0.016667 -1 -1 -1 -1 -1 -1 -1 -1 -1 -1
0 0.588867 0.309091 0.007812 0.015152 -1 -1 -1 -1 -1 -1 -1 -1 -1 -1
0 0.507324 0.325000 0.006836 0.016667 -1 -1 -1 -1 -1 -1 -1 -1 -1 -1
0 0.437500 0.319697 0.007812 0.018182 -1 -1 -1 -1 -1 -1 -1 -1 -1 -1
0 0.323242 0.462879 0.019531 0.040909 -1 -1 -1 -1 -1 -1 -1 -1 -1 -1
0 0.132324 0.440909 0.016602 0.036364 -1 -1 -1 -1 -1 -1 -1 -1 -1 -1
0 0.462402 0.318939 0.006836 0.016667 -1 -1 -1 -1 -1 -1 -1 -1 -1 -1