0 0.836914 0.377807 0.021484 0.034346 -1 -1 -1 -1 -1 -1 -1 -1 -1 -1
0 0.878906 0.369881 0.019531 0.036988 -1 -1 -1 -1 -1 -1 -1 -1 -1 -1
0 0.716797 0.390357 0.021484 0.035667 -1 -1 -1 -1 -1 -1 -1 -1 -1 -1
0 0.578125 0.400925 0.017578 0.030383 -1 -1 -1 -1 -1 -1 -1 -1 -1 -1
0 0.554688 0.401585 0.015625 0.026420 -1 -1 -1 -1 -1 -1 -1 -1 -1 -1
0 0.537109 0.378468 0.017578 0.030383 -1 -1 -1 -1 -1 -1 -1 -1 -1 -1
0 0.508789 0.381770 0.017578 0.029062 -1 -1 -1 -1 -1 -1 -1 -1 -1 -1
0 0.577637 0.368560 0.016602 0.026420 -1 -1 -1 -1 -1 -1 -1 -1 -1 -1
0 0.335938 0.392999 0.017578 0.027741 -1 -1 -1 -1 -1 -1 -1 -1 -1 -1
0 0.251953 0.365918 0.011719 0.021136 -1 -1 -1 -1 -1 -1 -1 -1 -1 -1
0 0.198730 0.377807 0.016602 0.023778 -1 -1 -1 -1 -1 -1 -1 -1 -1 -1
0 0.218262 0.355350 0.010742 0.015852 -1 -1 -1 -1 -1 -1 -1 -1 -1 -1
0 0.020508 0.366579 0.013672 0.022457 -1 -1 -1 -1 -1 -1 -1 -1 -1 -1
0 0.156250 0.369221 0.013672 0.022457 -1 -1 -1 -1 -1 -1 -1 -1 -1 -1
0 0.130371 0.389696 0.014648 0.018494 -1 -1 -1 -1 -1 -1 -1 -1 -1 -1
0 0.988770 0.421400 0.018555 0.031704 -1 -1 -1 -1 -1 -1 -1 -1 -1 -1
0 0.938965 0.419419 0.018555 0.027741 -1 -1 -1 -1 -1 -1 -1 -1 -1 -1