0 0.037109 0.434916 0.042969 0.085758 -1 -1 -1 -1 -1 -1 -1 -1 -1 -1
0 0.436035 0.799387 0.079102 0.147014 -1 -1 -1 -1 -1 -1 -1 -1 -1 -1
0 0.531250 0.553599 0.068359 0.148545 -1 -1 -1 -1 -1 -1 -1 -1 -1 -1
0 0.761230 0.725881 0.077148 0.134763 -1 -1 -1 -1 -1 -1 -1 -1 -1 -1
0 0.948730 0.647014 0.077148 0.148545 -1 -1 -1 -1 -1 -1 -1 -1 -1 -1
0 0.751465 0.581930 0.057617 0.110260 -1 -1 -1 -1 -1 -1 -1 -1 -1 -1
0 0.573730 0.382083 0.032227 0.053599 -1 -1 -1 -1 -1 -1 -1 -1 -1 -1
0 0.822266 0.481623 0.042969 0.093415 -1 -1 -1 -1 -1 -1 -1 -1 -1 -1
0 0.043457 0.284839 0.024414 0.039816 -1 -1 -1 -1 -1 -1 -1 -1 -1 -1
0 0.313965 0.348392 0.024414 0.062787 -1 -1 -1 -1 -1 -1 -1 -1 -1 -1
0 0.350098 0.276417 0.020508 0.041348 -1 -1 -1 -1 -1 -1 -1 -1 -1 -1
0 0.275391 0.289433 0.019531 0.042879 -1 -1 -1 -1 -1 -1 -1 -1 -1 -1
0 0.364746 0.277948 0.008789 0.035222 -1 -1 -1 -1 -1 -1 -1 -1 -1 -1
0 0.385254 0.246554 0.008789 0.021440 -1 -1 -1 -1 -1 -1 -1 -1 -1 -1
0 0.315918 0.227412 0.006836 0.010720 -1 -1 -1 -1 -1 -1 -1 -1 -1 -1
0 0.759277 0.173813 0.010742 0.019908 -1 -1 -1 -1 -1 -1 -1 -1 -1 -1
0 0.883301 0.205972 0.008789 0.016845 -1 -1 -1 -1 -1 -1 -1 -1 -1 -1
0 0.771484 0.303982 0.013672 0.029096 -1 -1 -1 -1 -1 -1 -1 -1 -1 -1
0 0.793945 0.300919 0.017578 0.035222 -1 -1 -1 -1 -1 -1 -1 -1 -1 -1
0 0.404297 0.251149 0.007812 0.018377 -1 -1 -1 -1 -1 -1 -1 -1 -1 -1
0 0.483887 0.267994 0.012695 0.018377 -1 -1 -1 -1 -1 -1 -1 -1 -1 -1
0 0.322754 0.224349 0.004883 0.010720 -1 -1 -1 -1 -1 -1 -1 -1 -1 -1
0 0.327637 0.222818 0.002930 0.007657 -1 -1 -1 -1 -1 -1 -1 -1 -1 -1
0 0.309570 0.223583 0.003906 0.006126 -1 -1 -1 -1 -1 -1 -1 -1 -1 -1
0 0.369629 0.239663 0.004883 0.010720 -1 -1 -1 -1 -1 -1 -1 -1 -1 -1
0 0.368652 0.268760 0.006836 0.016845 -1 -1 -1 -1 -1 -1 -1 -1 -1 -1
0 0.233398 0.292496 0.013672 0.027565 -1 -1 -1 -1 -1 -1 -1 -1 -1 -1
0 0.063965 0.258806 0.008789 0.018377 -1 -1 -1 -1 -1 -1 -1 -1 -1 -1
0 0.594238 0.253446 0.006836 0.013783 -1 -1 -1 -1 -1 -1 -1 -1 -1 -1
0 0.478027 0.230475 0.002930 0.004594 -1 -1 -1 -1 -1 -1 -1 -1 -1 -1
0 0.821289 0.333844 0.033203 0.058193 -1 -1 -1 -1 -1 -1 -1 -1 -1 -1
0 0.841309 0.316998 0.016602 0.033691 -1 -1 -1 -1 -1 -1 -1 -1 -1 -1
0 0.294434 0.235835 0.006836 0.015314 -1 -1 -1 -1 -1 -1 -1 -1 -1 -1
0 0.301270 0.223583 0.004883 0.009188 -1 -1 -1 -1 -1 -1 -1 -1 -1 -1
0 0.360840 0.231240 0.004883 0.009188 -1 -1 -1 -1 -1 -1 -1 -1 -1 -1
0 0.339844 0.232006 0.007812 0.013783 -1 -1 -1 -1 -1 -1 -1 -1 -1 -1
0 0.084473 0.823890 0.125977 0.238897 -1 -1 -1 -1 -1 -1 -1 -1 -1 -1