0 0.268555 0.297317 0.087891 0.174367 -1 -1 -1 -1 -1 -1 -1 -1 -1 -1
0 0.363770 0.336811 0.032227 0.077496 -1 -1 -1 -1 -1 -1 -1 -1 -1 -1
0 0.530762 0.395678 0.073242 0.123696 -1 -1 -1 -1 -1 -1 -1 -1 -1 -1
0 0.593262 0.415797 0.028320 0.056632 -1 -1 -1 -1 -1 -1 -1 -1 -1 -1
0 0.635742 0.426230 0.023438 0.047690 -1 -1 -1 -1 -1 -1 -1 -1 -1 -1
0 0.701172 0.453055 0.015625 0.026826 -1 -1 -1 -1 -1 -1 -1 -1 -1 -1
0 0.708984 0.436662 0.011719 0.026826 -1 -1 -1 -1 -1 -1 -1 -1 -1 -1
0 0.741699 0.447094 0.024414 0.038748 -1 -1 -1 -1 -1 -1 -1 -1 -1 -1
0 0.785156 0.401639 0.015625 0.037258 -1 -1 -1 -1 -1 -1 -1 -1 -1 -1
0 0.792969 0.461997 0.015625 0.029806 -1 -1 -1 -1 -1 -1 -1 -1 -1 -1
0 0.892578 0.461997 0.013672 0.026826 -1 -1 -1 -1 -1 -1 -1 -1 -1 -1
0 0.912109 0.449329 0.009766 0.022355 -1 -1 -1 -1 -1 -1 -1 -1 -1 -1
0 0.934570 0.450075 0.011719 0.020864 -1 -1 -1 -1 -1 -1 -1 -1 -1 -1
0 0.966309 0.445604 0.022461 0.038748 -1 -1 -1 -1 -1 -1 -1 -1 -1 -1
0 0.025879 0.253353 0.049805 0.116244 -1 -1 -1 -1 -1 -1 -1 -1 -1 -1