0 0.229980 0.187411 0.036133 0.032006 -1 -1 -1 -1 -1 -1 -1 -1 -1 -1
0 0.255859 0.150071 0.037109 0.032717 -1 -1 -1 -1 -1 -1 -1 -1 -1 -1
0 0.181152 0.212304 0.038086 0.030583 -1 -1 -1 -1 -1 -1 -1 -1 -1 -1
0 0.080078 0.192745 0.042969 0.034139 -1 -1 -1 -1 -1 -1 -1 -1 -1 -1
0 0.728516 0.181721 0.017578 0.036273 -1 -1 -1 -1 -1 -1 -1 -1 -1 -1
0 0.561523 0.212304 0.052734 0.046230 -1 -1 -1 -1 -1 -1 -1 -1 -1 -1
0 0.456055 0.195590 0.035156 0.032717 -1 -1 -1 -1 -1 -1 -1 -1 -1 -1
0 0.405762 0.150071 0.040039 0.039829 -1 -1 -1 -1 -1 -1 -1 -1 -1 -1
0 0.125488 0.171053 0.040039 0.032006 -1 -1 -1 -1 -1 -1 -1 -1 -1 -1
0 0.480469 0.900071 0.019531 0.024893 -1 -1 -1 -1 -1 -1 -1 -1 -1 -1
0 0.976562 0.197013 0.031250 0.027027 -1 -1 -1 -1 -1 -1 -1 -1 -1 -1