0 0.754883 0.323607 0.029297 0.076923 -1 -1 -1 -1 -1 -1 -1 -1 -1 -1
0 0.194824 0.266578 0.051758 0.079576 -1 -1 -1 -1 -1 -1 -1 -1 -1 -1
0 0.247559 0.301724 0.041992 0.057029 -1 -1 -1 -1 -1 -1 -1 -1 -1 -1
0 0.344238 0.318302 0.043945 0.061008 -1 -1 -1 -1 -1 -1 -1 -1 -1 -1
0 0.450684 0.333554 0.034180 0.054377 -1 -1 -1 -1 -1 -1 -1 -1 -1 -1
0 0.561523 0.384615 0.027344 0.053050 -1 -1 -1 -1 -1 -1 -1 -1 -1 -1
0 0.635254 0.382626 0.036133 0.051724 -1 -1 -1 -1 -1 -1 -1 -1 -1 -1
0 0.049805 0.413130 0.017578 0.033156 -1 -1 -1 -1 -1 -1 -1 -1 -1 -1
0 0.869141 0.410477 0.035156 0.070292 -1 -1 -1 -1 -1 -1 -1 -1 -1 -1
0 0.941895 0.276525 0.047852 0.078249 -1 -1 -1 -1 -1 -1 -1 -1 -1 -1
0 0.877441 0.309019 0.022461 0.074271 -1 -1 -1 -1 -1 -1 -1 -1 -1 -1