0 0.258301 0.592240 0.012695 0.019034 -1 -1 -1 -1 -1 -1 -1 -1 -1 -1
0 0.235352 0.423865 0.015625 0.027818 -1 -1 -1 -1 -1 -1 -1 -1 -1 -1
0 0.143066 0.372621 0.016602 0.021962 -1 -1 -1 -1 -1 -1 -1 -1 -1 -1
0 0.218750 0.562958 0.011719 0.030747 -1 -1 -1 -1 -1 -1 -1 -1 -1 -1
0 0.541016 0.500732 0.019531 0.029283 -1 -1 -1 -1 -1 -1 -1 -1 -1 -1
0 0.461914 0.567350 0.011719 0.024890 -1 -1 -1 -1 -1 -1 -1 -1 -1 -1
0 0.406738 0.521962 0.016602 0.024890 -1 -1 -1 -1 -1 -1 -1 -1 -1 -1
0 0.411133 0.393119 0.015625 0.021962 -1 -1 -1 -1 -1 -1 -1 -1 -1 -1
0 0.393555 0.290630 0.017578 0.027818 -1 -1 -1 -1 -1 -1 -1 -1 -1 -1
0 0.587891 0.079795 0.017578 0.024890 -1 -1 -1 -1 -1 -1 -1 -1 -1 -1
0 0.792480 0.210102 0.010742 0.021962 -1 -1 -1 -1 -1 -1 -1 -1 -1 -1