0 0.153320 0.472222 0.031250 0.060724 -1 -1 -1 -1 -1 -1 -1 -1 -1 -1
0 0.130859 0.518734 0.035156 0.063307 -1 -1 -1 -1 -1 -1 -1 -1 -1 -1
0 0.241211 0.482558 0.035156 0.058140 -1 -1 -1 -1 -1 -1 -1 -1 -1 -1
0 0.306152 0.532946 0.018555 0.024548 -1 -1 -1 -1 -1 -1 -1 -1 -1 -1
0 0.324219 0.475452 0.015625 0.043928 -1 -1 -1 -1 -1 -1 -1 -1 -1 -1
0 0.450684 0.458656 0.034180 0.064599 -1 -1 -1 -1 -1 -1 -1 -1 -1 -1
0 0.522461 0.488372 0.035156 0.056848 -1 -1 -1 -1 -1 -1 -1 -1 -1 -1
0 0.597656 0.425065 0.031250 0.064599 -1 -1 -1 -1 -1 -1 -1 -1 -1 -1
0 0.733887 0.466408 0.032227 0.054264 -1 -1 -1 -1 -1 -1 -1 -1 -1 -1
0 0.815918 0.464470 0.038086 0.047804 -1 -1 -1 -1 -1 -1 -1 -1 -1 -1
0 0.903320 0.421189 0.035156 0.051680 -1 -1 -1 -1 -1 -1 -1 -1 -1 -1