0 0.060059 0.242291 0.079102 0.146843 -1 -1 -1 -1 -1 -1 -1 -1 -1 -1
0 0.081543 0.325991 0.034180 0.052863 -1 -1 -1 -1 -1 -1 -1 -1 -1 -1
0 0.222168 0.240822 0.038086 0.076358 -1 -1 -1 -1 -1 -1 -1 -1 -1 -1
0 0.272949 0.275330 0.018555 0.036711 -1 -1 -1 -1 -1 -1 -1 -1 -1 -1
0 0.253418 0.281938 0.024414 0.052863 -1 -1 -1 -1 -1 -1 -1 -1 -1 -1
0 0.226074 0.411894 0.100586 0.189427 -1 -1 -1 -1 -1 -1 -1 -1 -1 -1
0 0.288574 0.441997 0.043945 0.096916 -1 -1 -1 -1 -1 -1 -1 -1 -1 -1
0 0.313965 0.255507 0.034180 0.061674 -1 -1 -1 -1 -1 -1 -1 -1 -1 -1
0 0.354980 0.320117 0.038086 0.073421 -1 -1 -1 -1 -1 -1 -1 -1 -1 -1
0 0.451172 0.280470 0.042969 0.079295 -1 -1 -1 -1 -1 -1 -1 -1 -1 -1
0 0.485352 0.426579 0.062500 0.110132 -1 -1 -1 -1 -1 -1 -1 -1 -1 -1
0 0.613281 0.327460 0.041016 0.061674 -1 -1 -1 -1 -1 -1 -1 -1 -1 -1
0 0.812500 0.262115 0.019531 0.036711 -1 -1 -1 -1 -1 -1 -1 -1 -1 -1
0 0.808105 0.234949 0.016602 0.029369 -1 -1 -1 -1 -1 -1 -1 -1 -1 -1
0 0.845215 0.264317 0.016602 0.032305 -1 -1 -1 -1 -1 -1 -1 -1 -1 -1
0 0.864746 0.236417 0.016602 0.029369 -1 -1 -1 -1 -1 -1 -1 -1 -1 -1
0 0.926758 0.248899 0.019531 0.036711 -1 -1 -1 -1 -1 -1 -1 -1 -1 -1
0 0.943848 0.274596 0.014648 0.044053 -1 -1 -1 -1 -1 -1 -1 -1 -1 -1
0 0.129395 0.280470 0.026367 0.061674 -1 -1 -1 -1 -1 -1 -1 -1 -1 -1
0 0.515625 0.243759 0.007812 0.014684 -1 -1 -1 -1 -1 -1 -1 -1 -1 -1
0 0.586426 0.251101 0.008789 0.014684 -1 -1 -1 -1 -1 -1 -1 -1 -1 -1
0 0.578613 0.247430 0.008789 0.013216 -1 -1 -1 -1 -1 -1 -1 -1 -1 -1