0 0.008789 0.127287 0.009766 0.019817 -1 -1 -1 -1 -1 -1 -1 -1 -1 -1
0 0.025879 0.139482 0.010742 0.019817 -1 -1 -1 -1 -1 -1 -1 -1 -1 -1
0 0.020020 0.167683 0.014648 0.030488 -1 -1 -1 -1 -1 -1 -1 -1 -1 -1
0 0.041016 0.165396 0.007812 0.016768 -1 -1 -1 -1 -1 -1 -1 -1 -1 -1
0 0.061523 0.197409 0.019531 0.038110 -1 -1 -1 -1 -1 -1 -1 -1 -1 -1
0 0.067871 0.153963 0.010742 0.018293 -1 -1 -1 -1 -1 -1 -1 -1 -1 -1
0 0.065430 0.132622 0.009766 0.018293 -1 -1 -1 -1 -1 -1 -1 -1 -1 -1
0 0.087402 0.127287 0.010742 0.022866 -1 -1 -1 -1 -1 -1 -1 -1 -1 -1
0 0.120117 0.123476 0.015625 0.033537 -1 -1 -1 -1 -1 -1 -1 -1 -1 -1
0 0.192871 0.150152 0.014648 0.028963 -1 -1 -1 -1 -1 -1 -1 -1 -1 -1
0 0.226074 0.129573 0.014648 0.030488 -1 -1 -1 -1 -1 -1 -1 -1 -1 -1
0 0.257324 0.126524 0.014648 0.027439 -1 -1 -1 -1 -1 -1 -1 -1 -1 -1
0 0.281738 0.102134 0.018555 0.030488 -1 -1 -1 -1 -1 -1 -1 -1 -1 -1
0 0.099609 0.218750 0.011719 0.022866 -1 -1 -1 -1 -1 -1 -1 -1 -1 -1
0 0.108398 0.239329 0.013672 0.030488 -1 -1 -1 -1 -1 -1 -1 -1 -1 -1
0 0.183594 0.224848 0.011719 0.022866 -1 -1 -1 -1 -1 -1 -1 -1 -1 -1
0 0.307129 0.124238 0.014648 0.028963 -1 -1 -1 -1 -1 -1 -1 -1 -1 -1
0 0.363281 0.101372 0.013672 0.025915 -1 -1 -1 -1 -1 -1 -1 -1 -1 -1
0 0.391113 0.137957 0.014648 0.032012 -1 -1 -1 -1 -1 -1 -1 -1 -1 -1
0 0.410645 0.096799 0.012695 0.028963 -1 -1 -1 -1 -1 -1 -1 -1 -1 -1
0 0.429199 0.113567 0.018555 0.044207 -1 -1 -1 -1 -1 -1 -1 -1 -1 -1
0 0.398926 0.188262 0.022461 0.038110 -1 -1 -1 -1 -1 -1 -1 -1 -1 -1
0 0.451172 0.180640 0.021484 0.044207 -1 -1 -1 -1 -1 -1 -1 -1 -1 -1
0 0.508301 0.141006 0.022461 0.044207 -1 -1 -1 -1 -1 -1 -1 -1 -1 -1
0 0.527344 0.187500 0.023438 0.042683 -1 -1 -1 -1 -1 -1 -1 -1 -1 -1
0 0.468750 0.067073 0.019531 0.036585 -1 -1 -1 -1 -1 -1 -1 -1 -1 -1
0 0.521484 0.012957 0.017578 0.022866 -1 -1 -1 -1 -1 -1 -1 -1 -1 -1
0 0.555176 0.026677 0.018555 0.032012 -1 -1 -1 -1 -1 -1 -1 -1 -1 -1
0 0.558105 0.145579 0.032227 0.035061 -1 -1 -1 -1 -1 -1 -1 -1 -1 -1
0 0.578613 0.142530 0.022461 0.041159 -1 -1 -1 -1 -1 -1 -1 -1 -1 -1
0 0.604492 0.186738 0.023438 0.053354 -1 -1 -1 -1 -1 -1 -1 -1 -1 -1
0 0.648438 0.131098 0.021484 0.051829 -1 -1 -1 -1 -1 -1 -1 -1 -1 -1
0 0.668457 0.106707 0.022461 0.057927 -1 -1 -1 -1 -1 -1 -1 -1 -1 -1
0 0.682617 0.091463 0.035156 0.073171 -1 -1 -1 -1 -1 -1 -1 -1 -1 -1
0 0.636230 0.010671 0.020508 0.021341 -1 -1 -1 -1 -1 -1 -1 -1 -1 -1
0 0.719238 0.020579 0.016602 0.035061 -1 -1 -1 -1 -1 -1 -1 -1 -1 -1
0 0.752930 0.108994 0.035156 0.074695 -1 -1 -1 -1 -1 -1 -1 -1 -1 -1
0 0.788086 0.127287 0.023438 0.035061 -1 -1 -1 -1 -1 -1 -1 -1 -1 -1
0 0.820312 0.070884 0.017578 0.041159 -1 -1 -1 -1 -1 -1 -1 -1 -1 -1
0 0.868164 0.136433 0.035156 0.068598 -1 -1 -1 -1 -1 -1 -1 -1 -1 -1
0 0.887695 0.044207 0.023438 0.051829 -1 -1 -1 -1 -1 -1 -1 -1 -1 -1
0 0.909180 0.058689 0.023438 0.059451 -1 -1 -1 -1 -1 -1 -1 -1 -1 -1
0 0.888672 0.109756 0.031250 0.070122 -1 -1 -1 -1 -1 -1 -1 -1 -1 -1
0 0.983398 0.431402 0.033203 0.070122 -1 -1 -1 -1 -1 -1 -1 -1 -1 -1
0 0.967285 0.547256 0.043945 0.100610 -1 -1 -1 -1 -1 -1 -1 -1 -1 -1
0 0.880859 0.552591 0.054688 0.111280 -1 -1 -1 -1 -1 -1 -1 -1 -1 -1
0 0.894531 0.426829 0.033203 0.073171 -1 -1 -1 -1 -1 -1 -1 -1 -1 -1
0 0.846680 0.446646 0.039062 0.070122 -1 -1 -1 -1 -1 -1 -1 -1 -1 -1
0 0.780762 0.477134 0.045898 0.091463 -1 -1 -1 -1 -1 -1 -1 -1 -1 -1
0 0.774414 0.390244 0.035156 0.067073 -1 -1 -1 -1 -1 -1 -1 -1 -1 -1
0 0.586426 0.250000 0.026367 0.057927 -1 -1 -1 -1 -1 -1 -1 -1 -1 -1
0 0.605957 0.365854 0.028320 0.054878 -1 -1 -1 -1 -1 -1 -1 -1 -1 -1
0 0.619141 0.407012 0.031250 0.070122 -1 -1 -1 -1 -1 -1 -1 -1 -1 -1
0 0.678711 0.467988 0.041016 0.079268 -1 -1 -1 -1 -1 -1 -1 -1 -1 -1
0 0.698242 0.570884 0.046875 0.092988 -1 -1 -1 -1 -1 -1 -1 -1 -1 -1
0 0.500000 0.370427 0.027344 0.048780 -1 -1 -1 -1 -1 -1 -1 -1 -1 -1
0 0.526855 0.398628 0.024414 0.044207 -1 -1 -1 -1 -1 -1 -1 -1 -1 -1
0 0.531738 0.435976 0.028320 0.079268 -1 -1 -1 -1 -1 -1 -1 -1 -1 -1
0 0.558105 0.490854 0.051758 0.097561 -1 -1 -1 -1 -1 -1 -1 -1 -1 -1
0 0.306641 0.280488 0.015625 0.030488 -1 -1 -1 -1 -1 -1 -1 -1 -1 -1
0 0.314941 0.293445 0.014648 0.032012 -1 -1 -1 -1 -1 -1 -1 -1 -1 -1
0 0.341309 0.408537 0.034180 0.070122 -1 -1 -1 -1 -1 -1 -1 -1 -1 -1
0 0.368164 0.359756 0.021484 0.042683 -1 -1 -1 -1 -1 -1 -1 -1 -1 -1
0 0.398926 0.388720 0.022461 0.042683 -1 -1 -1 -1 -1 -1 -1 -1 -1 -1
0 0.423828 0.384909 0.029297 0.056402 -1 -1 -1 -1 -1 -1 -1 -1 -1 -1
0 0.427734 0.477896 0.044922 0.083841 -1 -1 -1 -1 -1 -1 -1 -1 -1 -1
0 0.271973 0.322409 0.018555 0.038110 -1 -1 -1 -1 -1 -1 -1 -1 -1 -1
0 0.225098 0.326220 0.012695 0.033537 -1 -1 -1 -1 -1 -1 -1 -1 -1 -1
0 0.261719 0.359756 0.021484 0.045732 -1 -1 -1 -1 -1 -1 -1 -1 -1 -1
0 0.264648 0.406250 0.037109 0.071646 -1 -1 -1 -1 -1 -1 -1 -1 -1 -1
0 0.289062 0.452744 0.041016 0.079268 -1 -1 -1 -1 -1 -1 -1 -1 -1 -1
0 0.200684 0.328506 0.022461 0.044207 -1 -1 -1 -1 -1 -1 -1 -1 -1 -1
0 0.210938 0.378049 0.025391 0.054878 -1 -1 -1 -1 -1 -1 -1 -1 -1 -1
0 0.183105 0.418445 0.038086 0.068598 -1 -1 -1 -1 -1 -1 -1 -1 -1 -1
0 0.172852 0.522866 0.046875 0.091463 -1 -1 -1 -1 -1 -1 -1 -1 -1 -1
0 0.150391 0.426067 0.025391 0.050305 -1 -1 -1 -1 -1 -1 -1 -1 -1 -1
0 0.137695 0.375000 0.027344 0.042683 -1 -1 -1 -1 -1 -1 -1 -1 -1 -1
0 0.117188 0.379573 0.019531 0.039634 -1 -1 -1 -1 -1 -1 -1 -1 -1 -1
0 0.127930 0.324695 0.019531 0.033537 -1 -1 -1 -1 -1 -1 -1 -1 -1 -1
0 0.109375 0.321646 0.013672 0.024390 -1 -1 -1 -1 -1 -1 -1 -1 -1 -1
0 0.129883 0.455030 0.033203 0.062500 -1 -1 -1 -1 -1 -1 -1 -1 -1 -1
0 0.036133 0.320884 0.019531 0.032012 -1 -1 -1 -1 -1 -1 -1 -1 -1 -1
0 0.089844 0.342226 0.019531 0.038110 -1 -1 -1 -1 -1 -1 -1 -1 -1 -1
0 0.047852 0.393293 0.029297 0.057927 -1 -1 -1 -1 -1 -1 -1 -1 -1 -1
0 0.020020 0.379573 0.024414 0.045732 -1 -1 -1 -1 -1 -1 -1 -1 -1 -1
0 0.033691 0.436738 0.036133 0.071646 -1 -1 -1 -1 -1 -1 -1 -1 -1 -1
0 0.018555 0.463415 0.037109 0.073171 -1 -1 -1 -1 -1 -1 -1 -1 -1 -1
0 0.759766 0.722561 0.052734 0.118902 -1 -1 -1 -1 -1 -1 -1 -1 -1 -1