0 0.917480 0.480122 0.032227 0.061162 -1 -1 -1 -1 -1 -1 -1 -1 -1 -1
0 0.865723 0.449541 0.030273 0.061162 -1 -1 -1 -1 -1 -1 -1 -1 -1 -1
0 0.826660 0.465596 0.038086 0.065749 -1 -1 -1 -1 -1 -1 -1 -1 -1 -1
0 0.725586 0.461774 0.039062 0.073394 -1 -1 -1 -1 -1 -1 -1 -1 -1 -1
0 0.637207 0.454128 0.036133 0.067278 -1 -1 -1 -1 -1 -1 -1 -1 -1 -1
0 0.522461 0.422018 0.035156 0.064220 -1 -1 -1 -1 -1 -1 -1 -1 -1 -1
0 0.446289 0.419725 0.029297 0.068807 -1 -1 -1 -1 -1 -1 -1 -1 -1 -1
0 0.403320 0.446483 0.037109 0.067278 -1 -1 -1 -1 -1 -1 -1 -1 -1 -1
0 0.333984 0.437309 0.033203 0.070336 -1 -1 -1 -1 -1 -1 -1 -1 -1 -1
0 0.350098 0.425076 0.018555 0.045872 -1 -1 -1 -1 -1 -1 -1 -1 -1 -1
0 0.282715 0.425076 0.038086 0.073394 -1 -1 -1 -1 -1 -1 -1 -1 -1 -1
0 0.215332 0.399847 0.034180 0.068807 -1 -1 -1 -1 -1 -1 -1 -1 -1 -1
0 0.166992 0.364679 0.039062 0.068807 -1 -1 -1 -1 -1 -1 -1 -1 -1 -1
0 0.031738 0.435780 0.040039 0.076453 -1 -1 -1 -1 -1 -1 -1 -1 -1 -1
0 0.112793 0.399847 0.030273 0.056575 -1 -1 -1 -1 -1 -1 -1 -1 -1 -1
0 0.507324 0.348624 0.022461 0.027523 -1 -1 -1 -1 -1 -1 -1 -1 -1 -1
0 0.701660 0.456422 0.020508 0.047401 -1 -1 -1 -1 -1 -1 -1 -1 -1 -1
0 0.787598 0.470948 0.032227 0.055046 -1 -1 -1 -1 -1 -1 -1 -1 -1 -1
0 0.662109 0.458716 0.017578 0.039755 -1 -1 -1 -1 -1 -1 -1 -1 -1 -1
0 0.989258 0.481651 0.021484 0.070336 -1 -1 -1 -1 -1 -1 -1 -1 -1 -1