0 0.064941 0.424752 0.045898 0.055446 -1 -1 -1 -1 -1 -1 -1 -1 -1 -1
0 0.149902 0.388614 0.065430 0.074257 -1 -1 -1 -1 -1 -1 -1 -1 -1 -1
0 0.204102 0.448020 0.048828 0.105941 -1 -1 -1 -1 -1 -1 -1 -1 -1 -1
0 0.328125 0.450495 0.041016 0.083168 -1 -1 -1 -1 -1 -1 -1 -1 -1 -1
0 0.422363 0.437624 0.022461 0.031683 -1 -1 -1 -1 -1 -1 -1 -1 -1 -1
0 0.437012 0.480693 0.036133 0.052475 -1 -1 -1 -1 -1 -1 -1 -1 -1 -1
0 0.428711 0.681188 0.062500 0.073267 -1 -1 -1 -1 -1 -1 -1 -1 -1 -1
0 0.456055 0.499010 0.015625 0.021782 -1 -1 -1 -1 -1 -1 -1 -1 -1 -1
0 0.538086 0.483663 0.062500 0.078218 -1 -1 -1 -1 -1 -1 -1 -1 -1 -1
0 0.573730 0.432178 0.049805 0.062376 -1 -1 -1 -1 -1 -1 -1 -1 -1 -1
0 0.704102 0.424752 0.039062 0.047525 -1 -1 -1 -1 -1 -1 -1 -1 -1 -1
0 0.789551 0.380198 0.057617 0.087129 -1 -1 -1 -1 -1 -1 -1 -1 -1 -1
0 0.812988 0.417327 0.047852 0.076238 -1 -1 -1 -1 -1 -1 -1 -1 -1 -1
0 0.919922 0.464356 0.046875 0.057426 -1 -1 -1 -1 -1 -1 -1 -1 -1 -1
0 0.959961 0.452970 0.041016 0.056436 -1 -1 -1 -1 -1 -1 -1 -1 -1 -1