0 0.121582 0.360743 0.022461 0.037135 -1 -1 -1 -1 -1 -1 -1 -1 -1 -1
0 0.261230 0.356764 0.020508 0.039788 -1 -1 -1 -1 -1 -1 -1 -1 -1 -1
0 0.203613 0.338196 0.014648 0.031830 -1 -1 -1 -1 -1 -1 -1 -1 -1 -1
0 0.309082 0.365385 0.012695 0.025199 -1 -1 -1 -1 -1 -1 -1 -1 -1 -1
0 0.282227 0.316313 0.009766 0.019894 -1 -1 -1 -1 -1 -1 -1 -1 -1 -1
0 0.081055 0.365385 0.013672 0.027851 -1 -1 -1 -1 -1 -1 -1 -1 -1 -1
0 0.363281 0.320955 0.011719 0.021220 -1 -1 -1 -1 -1 -1 -1 -1 -1 -1
0 0.384766 0.340186 0.007812 0.017241 -1 -1 -1 -1 -1 -1 -1 -1 -1 -1
0 0.403809 0.339523 0.008789 0.018568 -1 -1 -1 -1 -1 -1 -1 -1 -1 -1
0 0.583008 0.366711 0.025391 0.041114 -1 -1 -1 -1 -1 -1 -1 -1 -1 -1
0 0.695312 0.316313 0.021484 0.041114 -1 -1 -1 -1 -1 -1 -1 -1 -1 -1
0 0.739746 0.340186 0.024414 0.049072 -1 -1 -1 -1 -1 -1 -1 -1 -1 -1
0 0.764648 0.352122 0.013672 0.025199 -1 -1 -1 -1 -1 -1 -1 -1 -1 -1
0 0.656738 0.315650 0.012695 0.021220 -1 -1 -1 -1 -1 -1 -1 -1 -1 -1
0 0.616211 0.346817 0.013672 0.025199 -1 -1 -1 -1 -1 -1 -1 -1 -1 -1
0 0.768066 0.337533 0.012695 0.025199 -1 -1 -1 -1 -1 -1 -1 -1 -1 -1