0 0.749512 0.308249 0.028320 0.037627 -1 -1 -1 -1 -1 -1 -1 -1 -1 -1
0 0.514160 0.407381 0.024414 0.044863 -1 -1 -1 -1 -1 -1 -1 -1 -1 -1
0 0.498047 0.414616 0.019531 0.041968 -1 -1 -1 -1 -1 -1 -1 -1 -1 -1
0 0.440430 0.435601 0.025391 0.040521 -1 -1 -1 -1 -1 -1 -1 -1 -1 -1
0 0.421875 0.464544 0.027344 0.046310 -1 -1 -1 -1 -1 -1 -1 -1 -1 -1
0 0.392090 0.416787 0.022461 0.034732 -1 -1 -1 -1 -1 -1 -1 -1 -1 -1
0 0.361328 0.425470 0.029297 0.052098 -1 -1 -1 -1 -1 -1 -1 -1 -1 -1
0 0.333496 0.378437 0.043945 0.073806 -1 -1 -1 -1 -1 -1 -1 -1 -1 -1
0 0.212891 0.282923 0.031250 0.059334 -1 -1 -1 -1 -1 -1 -1 -1 -1 -1
0 0.105469 0.218524 0.035156 0.066570 -1 -1 -1 -1 -1 -1 -1 -1 -1 -1
0 0.027344 0.175832 0.021484 0.047757 -1 -1 -1 -1 -1 -1 -1 -1 -1 -1