0 0.487305 0.765739 0.064453 0.122987 -1 -1 -1 -1 -1 -1 -1 -1 -1 -1
0 0.420898 0.509517 0.052734 0.102489 -1 -1 -1 -1 -1 -1 -1 -1 -1 -1
0 0.192383 0.470717 0.054688 0.074671 -1 -1 -1 -1 -1 -1 -1 -1 -1 -1
0 0.069336 0.182284 0.044922 0.077599 -1 -1 -1 -1 -1 -1 -1 -1 -1 -1
0 0.785645 0.131772 0.038086 0.079063 -1 -1 -1 -1 -1 -1 -1 -1 -1 -1
0 0.442383 0.162518 0.033203 0.061493 -1 -1 -1 -1 -1 -1 -1 -1 -1 -1
0 0.645996 0.070278 0.032227 0.058565 -1 -1 -1 -1 -1 -1 -1 -1 -1 -1
0 0.700684 0.170571 0.032227 0.068814 -1 -1 -1 -1 -1 -1 -1 -1 -1 -1
0 0.617188 0.356515 0.062500 0.074671 -1 -1 -1 -1 -1 -1 -1 -1 -1 -1
0 0.721191 0.467057 0.045898 0.099561 -1 -1 -1 -1 -1 -1 -1 -1 -1 -1
0 0.695801 0.305271 0.034180 0.060029 -1 -1 -1 -1 -1 -1 -1 -1 -1 -1
0 0.817871 0.077599 0.016602 0.046852 -1 -1 -1 -1 -1 -1 -1 -1 -1 -1
0 0.801758 0.038067 0.027344 0.058565 -1 -1 -1 -1 -1 -1 -1 -1 -1 -1
0 0.863770 0.109078 0.032227 0.057101 -1 -1 -1 -1 -1 -1 -1 -1 -1 -1
0 0.909180 0.100293 0.027344 0.054173 -1 -1 -1 -1 -1 -1 -1 -1 -1 -1
0 0.777832 0.053441 0.020508 0.045388 -1 -1 -1 -1 -1 -1 -1 -1 -1 -1
0 0.906738 0.200586 0.028320 0.058565 -1 -1 -1 -1 -1 -1 -1 -1 -1 -1
0 0.934570 0.444363 0.033203 0.101025 -1 -1 -1 -1 -1 -1 -1 -1 -1 -1
0 0.976074 0.040996 0.012695 0.035139 -1 -1 -1 -1 -1 -1 -1 -1 -1 -1
0 0.651367 0.169839 0.013672 0.055637 -1 -1 -1 -1 -1 -1 -1 -1 -1 -1
0 0.786621 0.794290 0.049805 0.101025 -1 -1 -1 -1 -1 -1 -1 -1 -1 -1
0 0.961914 0.737921 0.048828 0.093704 -1 -1 -1 -1 -1 -1 -1 -1 -1 -1
0 0.665527 0.551245 0.047852 0.101025 -1 -1 -1 -1 -1 -1 -1 -1 -1 -1
0 0.938965 0.587116 0.057617 0.105417 -1 -1 -1 -1 -1 -1 -1 -1 -1 -1
0 0.836914 0.956808 0.035156 0.086384 -1 -1 -1 -1 -1 -1 -1 -1 -1 -1
0 0.302734 0.471449 0.046875 0.093704 -1 -1 -1 -1 -1 -1 -1 -1 -1 -1
0 0.284668 0.324305 0.040039 0.068814 -1 -1 -1 -1 -1 -1 -1 -1 -1 -1
0 0.995605 0.199854 0.008789 0.054173 -1 -1 -1 -1 -1 -1 -1 -1 -1 -1
0 0.720703 0.025622 0.019531 0.030747 -1 -1 -1 -1 -1 -1 -1 -1 -1 -1