0 0.069336 0.567057 0.021484 0.042969 -1 -1 -1 -1 -1 -1 -1 -1 -1 -1
0 0.154297 0.622396 0.017578 0.031250 -1 -1 -1 -1 -1 -1 -1 -1 -1 -1
0 0.267578 0.580729 0.023438 0.039062 -1 -1 -1 -1 -1 -1 -1 -1 -1 -1
0 0.338867 0.593099 0.023438 0.037760 -1 -1 -1 -1 -1 -1 -1 -1 -1 -1
0 0.362793 0.591797 0.016602 0.029948 -1 -1 -1 -1 -1 -1 -1 -1 -1 -1
0 0.440918 0.591797 0.014648 0.027344 -1 -1 -1 -1 -1 -1 -1 -1 -1 -1
0 0.417480 0.627604 0.022461 0.033854 -1 -1 -1 -1 -1 -1 -1 -1 -1 -1
0 0.534180 0.626302 0.019531 0.031250 -1 -1 -1 -1 -1 -1 -1 -1 -1 -1
0 0.596680 0.605469 0.025391 0.036458 -1 -1 -1 -1 -1 -1 -1 -1 -1 -1
0 0.649414 0.576823 0.015625 0.028646 -1 -1 -1 -1 -1 -1 -1 -1 -1 -1
0 0.620605 0.569010 0.026367 0.054688 -1 -1 -1 -1 -1 -1 -1 -1 -1 -1
0 0.716797 0.571615 0.021484 0.041667 -1 -1 -1 -1 -1 -1 -1 -1 -1 -1
0 0.853027 0.590495 0.026367 0.045573 -1 -1 -1 -1 -1 -1 -1 -1 -1 -1
0 0.975586 0.567708 0.023438 0.033854 -1 -1 -1 -1 -1 -1 -1 -1 -1 -1
0 0.464355 0.617839 0.022461 0.040365 -1 -1 -1 -1 -1 -1 -1 -1 -1 -1