0 0.687988 0.502199 0.096680 0.148094 -1 -1 -1 -1 -1 -1 -1 -1 -1 -1
0 0.870117 0.108504 0.091797 0.193548 -1 -1 -1 -1 -1 -1 -1 -1 -1 -1
0 0.158203 0.230938 0.056641 0.086510 -1 -1 -1 -1 -1 -1 -1 -1 -1 -1
0 0.426270 0.533724 0.053711 0.120235 -1 -1 -1 -1 -1 -1 -1 -1 -1 -1
0 0.525879 0.428886 0.086914 0.171554 -1 -1 -1 -1 -1 -1 -1 -1 -1 -1
0 0.240234 0.537390 0.039062 0.071848 -1 -1 -1 -1 -1 -1 -1 -1 -1 -1
0 0.295898 0.619501 0.042969 0.092375 -1 -1 -1 -1 -1 -1 -1 -1 -1 -1
0 0.373047 0.554252 0.039062 0.058651 -1 -1 -1 -1 -1 -1 -1 -1 -1 -1
0 0.069824 0.936217 0.049805 0.086510 -1 -1 -1 -1 -1 -1 -1 -1 -1 -1
0 0.012207 0.547654 0.024414 0.080645 -1 -1 -1 -1 -1 -1 -1 -1 -1 -1
0 0.952637 0.516129 0.024414 0.052786 -1 -1 -1 -1 -1 -1 -1 -1 -1 -1
0 0.017090 0.772727 0.034180 0.090909 -1 -1 -1 -1 -1 -1 -1 -1 -1 -1
0 0.128906 0.604106 0.011719 0.020528 -1 -1 -1 -1 -1 -1 -1 -1 -1 -1