0 0.931641 0.421992 0.046875 0.045643 -1 -1 -1 -1 -1 -1 -1 -1 -1 -1
0 0.981445 0.453112 0.037109 0.049793 -1 -1 -1 -1 -1 -1 -1 -1 -1 -1
0 0.832520 0.414523 0.053711 0.062241 -1 -1 -1 -1 -1 -1 -1 -1 -1 -1
0 0.684082 0.344813 0.100586 0.103734 -1 -1 -1 -1 -1 -1 -1 -1 -1 -1
0 0.482422 0.446058 0.041016 0.042324 -1 -1 -1 -1 -1 -1 -1 -1 -1 -1
0 0.397949 0.444813 0.028320 0.033195 -1 -1 -1 -1 -1 -1 -1 -1 -1 -1
0 0.389648 0.463071 0.029297 0.044813 -1 -1 -1 -1 -1 -1 -1 -1 -1 -1
0 0.304688 0.412863 0.039062 0.040664 -1 -1 -1 -1 -1 -1 -1 -1 -1 -1
0 0.306152 0.481328 0.041992 0.041494 -1 -1 -1 -1 -1 -1 -1 -1 -1 -1
0 0.209473 0.433195 0.049805 0.058091 -1 -1 -1 -1 -1 -1 -1 -1 -1 -1
0 0.156250 0.405809 0.037109 0.071369 -1 -1 -1 -1 -1 -1 -1 -1 -1 -1
0 0.041992 0.445643 0.052734 0.054772 -1 -1 -1 -1 -1 -1 -1 -1 -1 -1