0 0.031250 0.346354 0.007812 0.010417 -1 -1 -1 -1 -1 -1 -1 -1 -1 -1
0 0.002441 0.359375 0.004883 0.023438 -1 -1 -1 -1 -1 -1 -1 -1 -1 -1
0 0.014648 0.434896 0.029297 0.059896 -1 -1 -1 -1 -1 -1 -1 -1 -1 -1
0 0.074707 0.484375 0.047852 0.080729 -1 -1 -1 -1 -1 -1 -1 -1 -1 -1
0 0.084473 0.392578 0.010742 0.022135 -1 -1 -1 -1 -1 -1 -1 -1 -1 -1
0 0.135742 0.479818 0.027344 0.042969 -1 -1 -1 -1 -1 -1 -1 -1 -1 -1
0 0.173828 0.358073 0.019531 0.031250 -1 -1 -1 -1 -1 -1 -1 -1 -1 -1
0 0.178711 0.384115 0.011719 0.031250 -1 -1 -1 -1 -1 -1 -1 -1 -1 -1
0 0.207031 0.395182 0.029297 0.027344 -1 -1 -1 -1 -1 -1 -1 -1 -1 -1
0 0.206055 0.437500 0.033203 0.065104 -1 -1 -1 -1 -1 -1 -1 -1 -1 -1
0 0.248535 0.356120 0.026367 0.040365 -1 -1 -1 -1 -1 -1 -1 -1 -1 -1
0 0.401367 0.642578 0.089844 0.152344 -1 -1 -1 -1 -1 -1 -1 -1 -1 -1
0 0.557129 0.203776 0.038086 0.048177 -1 -1 -1 -1 -1 -1 -1 -1 -1 -1
0 0.450684 0.128255 0.040039 0.074219 -1 -1 -1 -1 -1 -1 -1 -1 -1 -1
0 0.349609 0.180339 0.035156 0.061198 -1 -1 -1 -1 -1 -1 -1 -1 -1 -1
0 0.665039 0.222005 0.048828 0.069010 -1 -1 -1 -1 -1 -1 -1 -1 -1 -1
0 0.892090 0.202474 0.059570 0.087240 -1 -1 -1 -1 -1 -1 -1 -1 -1 -1
0 0.763184 0.539062 0.059570 0.130208 -1 -1 -1 -1 -1 -1 -1 -1 -1 -1