0 0.808594 0.742669 0.054688 0.136364 -1 -1 -1 -1 -1 -1 -1 -1 -1 -1
0 0.790039 0.965543 0.078125 0.068915 -1 -1 -1 -1 -1 -1 -1 -1 -1 -1
0 0.941895 0.541789 0.045898 0.077713 -1 -1 -1 -1 -1 -1 -1 -1 -1 -1
0 0.833984 0.566716 0.027344 0.092375 -1 -1 -1 -1 -1 -1 -1 -1 -1 -1
0 0.958496 0.401760 0.041992 0.079179 -1 -1 -1 -1 -1 -1 -1 -1 -1 -1
0 0.902344 0.335777 0.023438 0.067449 -1 -1 -1 -1 -1 -1 -1 -1 -1 -1
0 0.969727 0.236070 0.029297 0.073314 -1 -1 -1 -1 -1 -1 -1 -1 -1 -1
0 0.846680 0.195748 0.029297 0.065982 -1 -1 -1 -1 -1 -1 -1 -1 -1 -1
0 0.515137 0.766129 0.053711 0.112903 -1 -1 -1 -1 -1 -1 -1 -1 -1 -1
0 0.396973 0.659091 0.047852 0.101173 -1 -1 -1 -1 -1 -1 -1 -1 -1 -1
0 0.640137 0.642229 0.063477 0.134897 -1 -1 -1 -1 -1 -1 -1 -1 -1 -1
0 0.057129 0.666422 0.053711 0.121701 -1 -1 -1 -1 -1 -1 -1 -1 -1 -1
0 0.328613 0.435484 0.041992 0.087977 -1 -1 -1 -1 -1 -1 -1 -1 -1 -1
0 0.158203 0.464076 0.042969 0.074780 -1 -1 -1 -1 -1 -1 -1 -1 -1 -1
0 0.169434 0.357038 0.038086 0.071848 -1 -1 -1 -1 -1 -1 -1 -1 -1 -1
0 0.023438 0.401760 0.039062 0.073314 -1 -1 -1 -1 -1 -1 -1 -1 -1 -1
0 0.561523 0.409824 0.039062 0.080645 -1 -1 -1 -1 -1 -1 -1 -1 -1 -1
0 0.519043 0.411290 0.036133 0.065982 -1 -1 -1 -1 -1 -1 -1 -1 -1 -1
0 0.436523 0.286657 0.041016 0.071848 -1 -1 -1 -1 -1 -1 -1 -1 -1 -1
0 0.311523 0.293255 0.033203 0.067449 -1 -1 -1 -1 -1 -1 -1 -1 -1 -1
0 0.085449 0.132698 0.030273 0.057185 -1 -1 -1 -1 -1 -1 -1 -1 -1 -1
0 0.041992 0.155425 0.031250 0.070381 -1 -1 -1 -1 -1 -1 -1 -1 -1 -1
0 0.370605 0.057918 0.018555 0.033724 -1 -1 -1 -1 -1 -1 -1 -1 -1 -1
0 0.420898 0.013196 0.017578 0.026393 -1 -1 -1 -1 -1 -1 -1 -1 -1 -1
0 0.721191 0.042522 0.016602 0.038123 -1 -1 -1 -1 -1 -1 -1 -1 -1 -1
0 0.659180 0.021994 0.019531 0.032258 -1 -1 -1 -1 -1 -1 -1 -1 -1 -1
0 0.626465 0.014663 0.016602 0.029326 -1 -1 -1 -1 -1 -1 -1 -1 -1 -1
0 0.519531 0.013196 0.013672 0.026393 -1 -1 -1 -1 -1 -1 -1 -1 -1 -1
0 0.794922 0.051320 0.011719 0.038123 -1 -1 -1 -1 -1 -1 -1 -1 -1 -1