0 0.904297 0.481771 0.085938 0.145833 -1 -1 -1 -1 -1 -1 -1 -1 -1 -1
0 0.764160 0.628255 0.077148 0.123698 -1 -1 -1 -1 -1 -1 -1 -1 -1 -1
0 0.602539 0.483073 0.080078 0.130208 -1 -1 -1 -1 -1 -1 -1 -1 -1 -1
0 0.471680 0.602865 0.070312 0.119792 -1 -1 -1 -1 -1 -1 -1 -1 -1 -1
0 0.320801 0.636719 0.077148 0.119792 -1 -1 -1 -1 -1 -1 -1 -1 -1 -1
0 0.142578 0.560547 0.087891 0.136719 -1 -1 -1 -1 -1 -1 -1 -1 -1 -1
0 0.344238 0.551432 0.038086 0.061198 -1 -1 -1 -1 -1 -1 -1 -1 -1 -1
0 0.205566 0.478516 0.010742 0.022135 -1 -1 -1 -1 -1 -1 -1 -1 -1 -1
0 0.703613 0.535807 0.026367 0.053385 -1 -1 -1 -1 -1 -1 -1 -1 -1 -1
0 0.810547 0.535807 0.037109 0.063802 -1 -1 -1 -1 -1 -1 -1 -1 -1 -1
0 0.812012 0.449870 0.016602 0.029948 -1 -1 -1 -1 -1 -1 -1 -1 -1 -1