0 0.698242 0.233724 0.050781 0.084635 -1 -1 -1 -1 -1 -1 -1 -1 -1 -1
0 0.657715 0.239583 0.022461 0.036458 -1 -1 -1 -1 -1 -1 -1 -1 -1 -1
0 0.627441 0.212240 0.012695 0.020833 -1 -1 -1 -1 -1 -1 -1 -1 -1 -1
0 0.577637 0.188802 0.018555 0.031250 -1 -1 -1 -1 -1 -1 -1 -1 -1 -1
0 0.543457 0.242839 0.051758 0.076823 -1 -1 -1 -1 -1 -1 -1 -1 -1 -1
0 0.379395 0.160807 0.045898 0.071615 -1 -1 -1 -1 -1 -1 -1 -1 -1 -1
0 0.266602 0.227865 0.046875 0.075521 -1 -1 -1 -1 -1 -1 -1 -1 -1 -1
0 0.136230 0.233724 0.055664 0.082031 -1 -1 -1 -1 -1 -1 -1 -1 -1 -1
0 0.040527 0.208333 0.055664 0.111979 -1 -1 -1 -1 -1 -1 -1 -1 -1 -1
0 0.935547 0.227865 0.011719 0.020833 -1 -1 -1 -1 -1 -1 -1 -1 -1 -1
0 0.983887 0.261068 0.032227 0.131510 -1 -1 -1 -1 -1 -1 -1 -1 -1 -1