0 0.870117 0.231120 0.066406 0.100260 -1 -1 -1 -1 -1 -1 -1 -1 -1 -1
0 0.767090 0.296224 0.075195 0.113281 -1 -1 -1 -1 -1 -1 -1 -1 -1 -1
0 0.758789 0.162760 0.056641 0.091146 -1 -1 -1 -1 -1 -1 -1 -1 -1 -1
0 0.604980 0.241536 0.071289 0.097656 -1 -1 -1 -1 -1 -1 -1 -1 -1 -1
0 0.433105 0.296875 0.086914 0.132812 -1 -1 -1 -1 -1 -1 -1 -1 -1 -1
0 0.526855 0.195964 0.067383 0.100260 -1 -1 -1 -1 -1 -1 -1 -1 -1 -1
0 0.349121 0.233073 0.069336 0.109375 -1 -1 -1 -1 -1 -1 -1 -1 -1 -1
0 0.303711 0.212891 0.060547 0.102865 -1 -1 -1 -1 -1 -1 -1 -1 -1 -1
0 0.081543 0.313151 0.041992 0.113281 -1 -1 -1 -1 -1 -1 -1 -1 -1 -1
0 0.051270 0.125000 0.059570 0.106771 -1 -1 -1 -1 -1 -1 -1 -1 -1 -1
0 0.154785 0.375000 0.083008 0.127604 -1 -1 -1 -1 -1 -1 -1 -1 -1 -1