0 0.978516 0.367452 0.042969 0.142857 -1 -1 -1 -1 -1 -1 -1 -1 -1 -1
0 0.825684 0.351988 0.083008 0.135493 -1 -1 -1 -1 -1 -1 -1 -1 -1 -1
0 0.859863 0.267305 0.055664 0.113402 -1 -1 -1 -1 -1 -1 -1 -1 -1 -1
0 0.949707 0.208395 0.045898 0.078056 -1 -1 -1 -1 -1 -1 -1 -1 -1 -1
0 0.830078 0.013255 0.015625 0.026510 -1 -1 -1 -1 -1 -1 -1 -1 -1 -1
0 0.646973 0.186303 0.026367 0.069219 -1 -1 -1 -1 -1 -1 -1 -1 -1 -1
0 0.646973 0.033137 0.024414 0.036819 -1 -1 -1 -1 -1 -1 -1 -1 -1 -1
0 0.473145 0.142857 0.012695 0.026510 -1 -1 -1 -1 -1 -1 -1 -1 -1 -1
0 0.522461 0.212813 0.017578 0.045655 -1 -1 -1 -1 -1 -1 -1 -1 -1 -1
0 0.469727 0.371870 0.070312 0.139912 -1 -1 -1 -1 -1 -1 -1 -1 -1 -1
0 0.357910 0.374080 0.096680 0.164948 -1 -1 -1 -1 -1 -1 -1 -1 -1 -1
0 0.271484 0.265832 0.048828 0.072165 -1 -1 -1 -1 -1 -1 -1 -1 -1 -1
0 0.232910 0.254050 0.038086 0.069219 -1 -1 -1 -1 -1 -1 -1 -1 -1 -1
0 0.339844 0.134021 0.007812 0.023564 -1 -1 -1 -1 -1 -1 -1 -1 -1 -1
0 0.319336 0.099411 0.005859 0.010309 -1 -1 -1 -1 -1 -1 -1 -1 -1 -1
0 0.192871 0.215022 0.022461 0.044183 -1 -1 -1 -1 -1 -1 -1 -1 -1 -1
0 0.192383 0.268041 0.025391 0.044183 -1 -1 -1 -1 -1 -1 -1 -1 -1 -1
0 0.154297 0.124448 0.007812 0.019146 -1 -1 -1 -1 -1 -1 -1 -1 -1 -1
0 0.153809 0.407216 0.084961 0.172312 -1 -1 -1 -1 -1 -1 -1 -1 -1 -1
0 0.116211 0.278351 0.054688 0.106038 -1 -1 -1 -1 -1 -1 -1 -1 -1 -1
0 0.013672 0.232695 0.027344 0.088365 -1 -1 -1 -1 -1 -1 -1 -1 -1 -1
0 0.042480 0.237850 0.018555 0.042710 -1 -1 -1 -1 -1 -1 -1 -1 -1 -1
0 0.337402 0.894698 0.034180 0.081001 -1 -1 -1 -1 -1 -1 -1 -1 -1 -1
0 0.236328 0.810751 0.023438 0.039764 -1 -1 -1 -1 -1 -1 -1 -1 -1 -1
0 0.084961 0.766568 0.019531 0.033873 -1 -1 -1 -1 -1 -1 -1 -1 -1 -1