0 0.028809 0.452614 0.057617 0.232026 -1 -1 -1 -1 -1 -1 -1 -1 -1 -1
0 0.138184 0.241013 0.043945 0.083333 -1 -1 -1 -1 -1 -1 -1 -1 -1 -1
0 0.204102 0.187908 0.031250 0.052288 -1 -1 -1 -1 -1 -1 -1 -1 -1 -1
0 0.249512 0.191993 0.038086 0.066993 -1 -1 -1 -1 -1 -1 -1 -1 -1 -1
0 0.381836 0.156863 0.027344 0.058824 -1 -1 -1 -1 -1 -1 -1 -1 -1 -1
0 0.437988 0.139706 0.022461 0.060458 -1 -1 -1 -1 -1 -1 -1 -1 -1 -1
0 0.511719 0.123366 0.027344 0.057190 -1 -1 -1 -1 -1 -1 -1 -1 -1 -1
0 0.534180 0.073529 0.021484 0.042484 -1 -1 -1 -1 -1 -1 -1 -1 -1 -1
0 0.463867 0.790850 0.089844 0.150327 -1 -1 -1 -1 -1 -1 -1 -1 -1 -1
0 0.609375 0.113562 0.013672 0.034314 -1 -1 -1 -1 -1 -1 -1 -1 -1 -1
0 0.662109 0.084150 0.015625 0.034314 -1 -1 -1 -1 -1 -1 -1 -1 -1 -1
0 0.696289 0.125000 0.019531 0.044118 -1 -1 -1 -1 -1 -1 -1 -1 -1 -1
0 0.717773 0.058824 0.019531 0.035948 -1 -1 -1 -1 -1 -1 -1 -1 -1 -1
0 0.760254 0.123366 0.026367 0.060458 -1 -1 -1 -1 -1 -1 -1 -1 -1 -1
0 0.806641 0.125000 0.017578 0.040850 -1 -1 -1 -1 -1 -1 -1 -1 -1 -1
0 0.831055 0.093137 0.017578 0.029412 -1 -1 -1 -1 -1 -1 -1 -1 -1 -1
0 0.960449 0.142157 0.041992 0.098039 -1 -1 -1 -1 -1 -1 -1 -1 -1 -1
0 0.042969 0.219771 0.025391 0.060458 -1 -1 -1 -1 -1 -1 -1 -1 -1 -1