0 0.062012 0.189883 0.028320 0.068915 -1 -1 -1 -1 -1 -1 -1 -1 -1 -1
0 0.165527 0.227273 0.040039 0.064516 -1 -1 -1 -1 -1 -1 -1 -1 -1 -1
0 0.040039 0.254399 0.035156 0.080645 -1 -1 -1 -1 -1 -1 -1 -1 -1 -1
0 0.102539 0.355572 0.046875 0.101173 -1 -1 -1 -1 -1 -1 -1 -1 -1 -1
0 0.145020 0.393695 0.057617 0.118768 -1 -1 -1 -1 -1 -1 -1 -1 -1 -1
0 0.199219 0.450147 0.070312 0.123167 -1 -1 -1 -1 -1 -1 -1 -1 -1 -1
0 0.188477 0.153226 0.029297 0.051320 -1 -1 -1 -1 -1 -1 -1 -1 -1 -1
0 0.140137 0.146628 0.024414 0.052786 -1 -1 -1 -1 -1 -1 -1 -1 -1 -1
0 0.416992 0.398094 0.058594 0.104106 -1 -1 -1 -1 -1 -1 -1 -1 -1 -1
0 0.433105 0.590176 0.075195 0.127566 -1 -1 -1 -1 -1 -1 -1 -1 -1 -1
0 0.711426 0.530059 0.067383 0.133431 -1 -1 -1 -1 -1 -1 -1 -1 -1 -1
0 0.787598 0.700880 0.075195 0.143695 -1 -1 -1 -1 -1 -1 -1 -1 -1 -1
0 0.946289 0.722874 0.105469 0.190616 -1 -1 -1 -1 -1 -1 -1 -1 -1 -1
0 0.984863 0.406158 0.028320 0.093842 -1 -1 -1 -1 -1 -1 -1 -1 -1 -1