0 0.166992 0.363836 0.054688 0.086384 -1 -1 -1 -1 -1 -1 -1 -1 -1 -1
0 0.383789 0.583455 0.095703 0.156662 -1 -1 -1 -1 -1 -1 -1 -1 -1 -1
0 0.254395 0.387994 0.124023 0.158126 -1 -1 -1 -1 -1 -1 -1 -1 -1 -1
0 0.462402 0.510249 0.043945 0.077599 -1 -1 -1 -1 -1 -1 -1 -1 -1 -1
0 0.529297 0.532943 0.035156 0.064422 -1 -1 -1 -1 -1 -1 -1 -1 -1 -1
0 0.672852 0.669107 0.023438 0.052709 -1 -1 -1 -1 -1 -1 -1 -1 -1 -1
0 0.750000 0.796486 0.017578 0.038067 -1 -1 -1 -1 -1 -1 -1 -1 -1 -1
0 0.825195 0.852123 0.015625 0.035139 -1 -1 -1 -1 -1 -1 -1 -1 -1 -1
0 0.838867 0.852855 0.017578 0.033675 -1 -1 -1 -1 -1 -1 -1 -1 -1 -1
0 0.719238 0.740849 0.014648 0.046852 -1 -1 -1 -1 -1 -1 -1 -1 -1 -1
0 0.785156 0.851391 0.017578 0.036603 -1 -1 -1 -1 -1 -1 -1 -1 -1 -1