0 0.405762 0.207465 0.024414 0.053819 -1 -1 -1 -1 -1 -1 -1 -1 -1 -1
0 0.206055 0.157986 0.027344 0.065972 -1 -1 -1 -1 -1 -1 -1 -1 -1 -1
0 0.311035 0.164931 0.022461 0.055556 -1 -1 -1 -1 -1 -1 -1 -1 -1 -1
0 0.140625 0.214410 0.019531 0.050347 -1 -1 -1 -1 -1 -1 -1 -1 -1 -1
0 0.362305 0.179688 0.011719 0.026042 -1 -1 -1 -1 -1 -1 -1 -1 -1 -1
0 0.627441 0.163194 0.030273 0.048611 -1 -1 -1 -1 -1 -1 -1 -1 -1 -1
0 0.684082 0.144097 0.024414 0.059028 -1 -1 -1 -1 -1 -1 -1 -1 -1 -1
0 0.498535 0.197049 0.022461 0.053819 -1 -1 -1 -1 -1 -1 -1 -1 -1 -1
0 0.503418 0.254340 0.006836 0.008681 -1 -1 -1 -1 -1 -1 -1 -1 -1 -1
0 0.526367 0.253472 0.007812 0.017361 -1 -1 -1 -1 -1 -1 -1 -1 -1 -1
0 0.493164 0.091146 0.003906 0.008681 -1 -1 -1 -1 -1 -1 -1 -1 -1 -1
0 0.134766 0.302083 0.005859 0.017361 -1 -1 -1 -1 -1 -1 -1 -1 -1 -1
0 0.146973 0.298611 0.004883 0.013889 -1 -1 -1 -1 -1 -1 -1 -1 -1 -1
0 0.125977 0.301215 0.005859 0.015625 -1 -1 -1 -1 -1 -1 -1 -1 -1 -1
0 0.333496 0.241319 0.004883 0.010417 -1 -1 -1 -1 -1 -1 -1 -1 -1 -1
0 0.329102 0.242188 0.003906 0.012153 -1 -1 -1 -1 -1 -1 -1 -1 -1 -1
0 0.308594 0.251736 0.009766 0.020833 -1 -1 -1 -1 -1 -1 -1 -1 -1 -1
0 0.323730 0.249132 0.006836 0.019097 -1 -1 -1 -1 -1 -1 -1 -1 -1 -1
0 0.336914 0.307292 0.007812 0.017361 -1 -1 -1 -1 -1 -1 -1 -1 -1 -1