0 0.799805 0.887830 0.074219 0.142229 -1 -1 -1 -1 -1 -1 -1 -1 -1 -1
0 0.966797 0.546921 0.039062 0.090909 -1 -1 -1 -1 -1 -1 -1 -1 -1 -1
0 0.855957 0.464076 0.036133 0.065982 -1 -1 -1 -1 -1 -1 -1 -1 -1 -1
0 0.717285 0.631232 0.038086 0.089443 -1 -1 -1 -1 -1 -1 -1 -1 -1 -1
0 0.449707 0.766862 0.055664 0.093842 -1 -1 -1 -1 -1 -1 -1 -1 -1 -1
0 0.406738 0.678886 0.034180 0.067449 -1 -1 -1 -1 -1 -1 -1 -1 -1 -1
0 0.225098 0.757331 0.055664 0.104106 -1 -1 -1 -1 -1 -1 -1 -1 -1 -1
0 0.142090 0.625367 0.049805 0.092375 -1 -1 -1 -1 -1 -1 -1 -1 -1 -1
0 0.980957 0.268328 0.022461 0.043988 -1 -1 -1 -1 -1 -1 -1 -1 -1 -1
0 0.989258 0.347507 0.021484 0.052786 -1 -1 -1 -1 -1 -1 -1 -1 -1 -1
0 0.858398 0.686217 0.052734 0.105572 -1 -1 -1 -1 -1 -1 -1 -1 -1 -1