0 0.125000 0.364568 0.123047 0.105417 -1 -1 -1 -1 -1 -1 -1 -1 -1 -1
0 0.490234 0.344436 0.107422 0.103221 -1 -1 -1 -1 -1 -1 -1 -1 -1 -1
0 0.504395 0.237555 0.024414 0.022694 -1 -1 -1 -1 -1 -1 -1 -1 -1 -1
0 0.561523 0.161420 0.033203 0.038799 -1 -1 -1 -1 -1 -1 -1 -1 -1 -1
0 0.607910 0.243045 0.026367 0.021962 -1 -1 -1 -1 -1 -1 -1 -1 -1 -1
0 0.628418 0.298316 0.030273 0.043192 -1 -1 -1 -1 -1 -1 -1 -1 -1 -1
0 0.409668 0.272694 0.020508 0.024158 -1 -1 -1 -1 -1 -1 -1 -1 -1 -1
0 0.395996 0.278917 0.024414 0.026354 -1 -1 -1 -1 -1 -1 -1 -1 -1 -1
0 0.694824 0.241215 0.032227 0.030015 -1 -1 -1 -1 -1 -1 -1 -1 -1 -1
0 0.736328 0.231332 0.027344 0.026354 -1 -1 -1 -1 -1 -1 -1 -1 -1 -1
0 0.806152 0.223646 0.030273 0.031479 -1 -1 -1 -1 -1 -1 -1 -1 -1 -1
0 0.866699 0.218155 0.026367 0.026354 -1 -1 -1 -1 -1 -1 -1 -1 -1 -1
0 0.746094 0.311127 0.097656 0.093704 -1 -1 -1 -1 -1 -1 -1 -1 -1 -1
0 0.812988 0.289531 0.053711 0.066618 -1 -1 -1 -1 -1 -1 -1 -1 -1 -1
0 0.951660 0.218155 0.028320 0.027818 -1 -1 -1 -1 -1 -1 -1 -1 -1 -1
0 0.989746 0.213763 0.020508 0.024890 -1 -1 -1 -1 -1 -1 -1 -1 -1 -1
0 0.981934 0.247438 0.036133 0.033675 -1 -1 -1 -1 -1 -1 -1 -1 -1 -1
0 0.963867 0.336750 0.072266 0.062958 -1 -1 -1 -1 -1 -1 -1 -1 -1 -1