0 0.273926 0.193804 0.112305 0.171470 -1 -1 -1 -1 -1 -1 -1 -1 -1 -1
0 0.097656 0.328530 0.027344 0.054755 -1 -1 -1 -1 -1 -1 -1 -1 -1 -1
0 0.120605 0.323487 0.022461 0.047550 -1 -1 -1 -1 -1 -1 -1 -1 -1 -1
0 0.419434 0.221902 0.083008 0.129683 -1 -1 -1 -1 -1 -1 -1 -1 -1 -1
0 0.487305 0.382565 0.083984 0.157061 -1 -1 -1 -1 -1 -1 -1 -1 -1 -1
0 0.645508 0.259366 0.033203 0.077810 -1 -1 -1 -1 -1 -1 -1 -1 -1 -1
0 0.742188 0.324928 0.035156 0.087896 -1 -1 -1 -1 -1 -1 -1 -1 -1 -1
0 0.777344 0.349424 0.023438 0.050432 -1 -1 -1 -1 -1 -1 -1 -1 -1 -1
0 0.776855 0.275937 0.024414 0.050432 -1 -1 -1 -1 -1 -1 -1 -1 -1 -1
0 0.858887 0.272334 0.038086 0.066282 -1 -1 -1 -1 -1 -1 -1 -1 -1 -1
0 0.933594 0.327089 0.054688 0.089337 -1 -1 -1 -1 -1 -1 -1 -1 -1 -1