0 0.803711 0.375000 0.064453 0.149306 -1 -1 -1 -1 -1 -1 -1 -1 -1 -1
0 0.528809 0.471354 0.073242 0.161458 -1 -1 -1 -1 -1 -1 -1 -1 -1 -1
0 0.436523 0.403646 0.048828 0.109375 -1 -1 -1 -1 -1 -1 -1 -1 -1 -1
0 0.564941 0.293403 0.041992 0.093750 -1 -1 -1 -1 -1 -1 -1 -1 -1 -1
0 0.823730 0.829861 0.102539 0.256944 -1 -1 -1 -1 -1 -1 -1 -1 -1 -1
0 0.924805 0.395833 0.039062 0.079861 -1 -1 -1 -1 -1 -1 -1 -1 -1 -1
0 0.957520 0.324653 0.030273 0.052083 -1 -1 -1 -1 -1 -1 -1 -1 -1 -1
0 0.255859 0.230035 0.052734 0.098958 -1 -1 -1 -1 -1 -1 -1 -1 -1 -1
0 0.330078 0.506944 0.068359 0.184028 -1 -1 -1 -1 -1 -1 -1 -1 -1 -1
0 0.688477 0.270833 0.029297 0.069444 -1 -1 -1 -1 -1 -1 -1 -1 -1 -1
0 0.154785 0.796875 0.143555 0.315972 -1 -1 -1 -1 -1 -1 -1 -1 -1 -1