0 0.949707 0.230826 0.038086 0.081121 -1 -1 -1 -1 -1 -1 -1 -1 -1 -1
0 0.793945 0.199115 0.068359 0.144543 -1 -1 -1 -1 -1 -1 -1 -1 -1 -1
0 0.687988 0.213864 0.036133 0.109145 -1 -1 -1 -1 -1 -1 -1 -1 -1 -1
0 0.580078 0.279499 0.025391 0.060472 -1 -1 -1 -1 -1 -1 -1 -1 -1 -1
0 0.542969 0.251475 0.015625 0.042773 -1 -1 -1 -1 -1 -1 -1 -1 -1 -1
0 0.493652 0.232301 0.028320 0.063422 -1 -1 -1 -1 -1 -1 -1 -1 -1 -1
0 0.452637 0.249263 0.020508 0.067847 -1 -1 -1 -1 -1 -1 -1 -1 -1 -1
0 0.425293 0.247050 0.022461 0.048673 -1 -1 -1 -1 -1 -1 -1 -1 -1 -1
0 0.380859 0.268437 0.013672 0.047198 -1 -1 -1 -1 -1 -1 -1 -1 -1 -1
0 0.349121 0.241888 0.018555 0.053097 -1 -1 -1 -1 -1 -1 -1 -1 -1 -1
0 0.305176 0.238938 0.016602 0.032448 -1 -1 -1 -1 -1 -1 -1 -1 -1 -1
0 0.277832 0.255162 0.020508 0.044248 -1 -1 -1 -1 -1 -1 -1 -1 -1 -1
0 0.242188 0.256637 0.017578 0.038348 -1 -1 -1 -1 -1 -1 -1 -1 -1 -1
0 0.213867 0.241150 0.017578 0.030973 -1 -1 -1 -1 -1 -1 -1 -1 -1 -1
0 0.177734 0.252212 0.017578 0.029499 -1 -1 -1 -1 -1 -1 -1 -1 -1 -1
0 0.146484 0.250000 0.019531 0.030973 -1 -1 -1 -1 -1 -1 -1 -1 -1 -1
0 0.098145 0.256637 0.018555 0.029499 -1 -1 -1 -1 -1 -1 -1 -1 -1 -1
0 0.076660 0.318584 0.014648 0.020649 -1 -1 -1 -1 -1 -1 -1 -1 -1 -1
0 0.025879 0.325221 0.016602 0.025074 -1 -1 -1 -1 -1 -1 -1 -1 -1 -1
0 0.065918 0.269912 0.016602 0.029499 -1 -1 -1 -1 -1 -1 -1 -1 -1 -1
0 0.055664 0.250737 0.013672 0.023599 -1 -1 -1 -1 -1 -1 -1 -1 -1 -1
0 0.032715 0.256637 0.012695 0.020649 -1 -1 -1 -1 -1 -1 -1 -1 -1 -1
0 0.020020 0.245575 0.010742 0.022124 -1 -1 -1 -1 -1 -1 -1 -1 -1 -1