0 0.078125 0.915945 0.039062 0.091854 -1 -1 -1 -1 -1 -1 -1 -1 -1 -1
0 0.442383 0.956672 0.066406 0.083189 -1 -1 -1 -1 -1 -1 -1 -1 -1 -1
0 0.532715 0.930676 0.075195 0.131716 -1 -1 -1 -1 -1 -1 -1 -1 -1 -1
0 0.875977 0.810225 0.035156 0.081456 -1 -1 -1 -1 -1 -1 -1 -1 -1 -1
0 0.906250 0.914211 0.046875 0.119584 -1 -1 -1 -1 -1 -1 -1 -1 -1 -1
0 0.927734 0.944541 0.052734 0.110919 -1 -1 -1 -1 -1 -1 -1 -1 -1 -1
0 0.979004 0.967938 0.040039 0.064125 -1 -1 -1 -1 -1 -1 -1 -1 -1 -1
0 0.550293 0.979203 0.063477 0.041594 -1 -1 -1 -1 -1 -1 -1 -1 -1 -1
0 0.415527 0.408146 0.057617 0.126516 -1 -1 -1 -1 -1 -1 -1 -1 -1 -1
0 0.790527 0.838821 0.041992 0.100520 -1 -1 -1 -1 -1 -1 -1 -1 -1 -1
0 0.708008 0.818891 0.037109 0.088388 -1 -1 -1 -1 -1 -1 -1 -1 -1 -1
0 0.746094 0.870884 0.048828 0.102253 -1 -1 -1 -1 -1 -1 -1 -1 -1 -1
0 0.701172 0.967938 0.060547 0.064125 -1 -1 -1 -1 -1 -1 -1 -1 -1 -1
0 0.632812 0.981802 0.046875 0.036395 -1 -1 -1 -1 -1 -1 -1 -1 -1 -1
0 0.634766 0.922010 0.048828 0.100520 -1 -1 -1 -1 -1 -1 -1 -1 -1 -1
0 0.747070 0.965338 0.048828 0.069324 -1 -1 -1 -1 -1 -1 -1 -1 -1 -1
0 0.295410 0.882149 0.065430 0.142114 -1 -1 -1 -1 -1 -1 -1 -1 -1 -1
0 0.094238 0.844021 0.024414 0.065858 -1 -1 -1 -1 -1 -1 -1 -1 -1 -1
0 0.108887 0.837955 0.030273 0.077990 -1 -1 -1 -1 -1 -1 -1 -1 -1 -1
0 0.015625 0.914211 0.029297 0.074523 -1 -1 -1 -1 -1 -1 -1 -1 -1 -1