0 0.904785 0.268676 0.032227 0.052425 -1 -1 -1 -1 -1 -1 -1 -1 -1 -1
0 0.872070 0.302752 0.042969 0.070773 -1 -1 -1 -1 -1 -1 -1 -1 -1 -1
0 0.779785 0.256881 0.032227 0.055046 -1 -1 -1 -1 -1 -1 -1 -1 -1 -1
0 0.742676 0.235911 0.026367 0.044561 -1 -1 -1 -1 -1 -1 -1 -1 -1 -1
0 0.721680 0.198558 0.021484 0.040629 -1 -1 -1 -1 -1 -1 -1 -1 -1 -1
0 0.734375 0.346003 0.039062 0.081258 -1 -1 -1 -1 -1 -1 -1 -1 -1 -1
0 0.675781 0.276540 0.019531 0.055046 -1 -1 -1 -1 -1 -1 -1 -1 -1 -1
0 0.590332 0.722805 0.057617 0.163827 -1 -1 -1 -1 -1 -1 -1 -1 -1 -1
0 0.462891 0.302097 0.052734 0.087811 -1 -1 -1 -1 -1 -1 -1 -1 -1 -1
0 0.507812 0.299476 0.019531 0.053735 -1 -1 -1 -1 -1 -1 -1 -1 -1 -1
0 0.199707 0.578637 0.047852 0.142857 -1 -1 -1 -1 -1 -1 -1 -1 -1 -1
0 0.108887 0.336828 0.032227 0.076016 -1 -1 -1 -1 -1 -1 -1 -1 -1 -1