0 0.416992 0.518142 0.015625 0.023222 -1 -1 -1 -1 -1 -1 -1 -1 -1 -1
0 0.451660 0.510885 0.008789 0.014514 -1 -1 -1 -1 -1 -1 -1 -1 -1 -1
0 0.516113 0.447750 0.047852 0.082729 -1 -1 -1 -1 -1 -1 -1 -1 -1 -1
0 0.619141 0.514514 0.011719 0.021771 -1 -1 -1 -1 -1 -1 -1 -1 -1 -1
0 0.655762 0.491292 0.016602 0.027576 -1 -1 -1 -1 -1 -1 -1 -1 -1 -1
0 0.681641 0.493469 0.011719 0.023222 -1 -1 -1 -1 -1 -1 -1 -1 -1 -1
0 0.719727 0.503628 0.007812 0.017417 -1 -1 -1 -1 -1 -1 -1 -1 -1 -1
0 0.729492 0.510160 0.011719 0.024673 -1 -1 -1 -1 -1 -1 -1 -1 -1 -1
0 0.812012 0.541364 0.051758 0.092888 -1 -1 -1 -1 -1 -1 -1 -1 -1 -1
0 0.904297 0.493469 0.015625 0.031930 -1 -1 -1 -1 -1 -1 -1 -1 -1 -1
0 0.926270 0.451379 0.038086 0.069666 -1 -1 -1 -1 -1 -1 -1 -1 -1 -1
0 0.341309 0.533382 0.006836 0.018868 -1 -1 -1 -1 -1 -1 -1 -1 -1 -1