0 0.938965 0.378890 0.036133 0.056834 -1 -1 -1 -1 -1 -1 -1 -1 -1 -1
0 0.903809 0.391746 0.043945 0.074425 -1 -1 -1 -1 -1 -1 -1 -1 -1 -1
0 0.898438 0.268606 0.025391 0.036536 -1 -1 -1 -1 -1 -1 -1 -1 -1 -1
0 0.818848 0.269283 0.024414 0.040595 -1 -1 -1 -1 -1 -1 -1 -1 -1 -1
0 0.825684 0.198241 0.018555 0.031123 -1 -1 -1 -1 -1 -1 -1 -1 -1 -1
0 0.837891 0.339648 0.021484 0.046008 -1 -1 -1 -1 -1 -1 -1 -1 -1 -1
0 0.813477 0.398512 0.037109 0.060893 -1 -1 -1 -1 -1 -1 -1 -1 -1 -1
0 0.759766 0.294317 0.027344 0.033829 -1 -1 -1 -1 -1 -1 -1 -1 -1 -1
0 0.781250 0.341678 0.033203 0.055480 -1 -1 -1 -1 -1 -1 -1 -1 -1 -1
0 0.761719 0.415426 0.041016 0.064953 -1 -1 -1 -1 -1 -1 -1 -1 -1 -1
0 0.769531 0.211773 0.023438 0.028417 -1 -1 -1 -1 -1 -1 -1 -1 -1 -1
0 0.740234 0.252368 0.025391 0.039242 -1 -1 -1 -1 -1 -1 -1 -1 -1 -1
0 0.715820 0.221922 0.013672 0.018945 -1 -1 -1 -1 -1 -1 -1 -1 -1 -1
0 0.681152 0.291610 0.032227 0.050068 -1 -1 -1 -1 -1 -1 -1 -1 -1 -1
0 0.674805 0.209066 0.023438 0.039242 -1 -1 -1 -1 -1 -1 -1 -1 -1 -1
0 0.741699 0.202977 0.018555 0.024357 -1 -1 -1 -1 -1 -1 -1 -1 -1 -1
0 0.640137 0.257104 0.026367 0.040595 -1 -1 -1 -1 -1 -1 -1 -1 -1 -1
0 0.653320 0.244249 0.017578 0.039242 -1 -1 -1 -1 -1 -1 -1 -1 -1 -1
0 0.638184 0.189445 0.016602 0.029770 -1 -1 -1 -1 -1 -1 -1 -1 -1 -1
0 0.689453 0.364682 0.037109 0.063599 -1 -1 -1 -1 -1 -1 -1 -1 -1 -1
0 0.646484 0.335589 0.031250 0.051421 -1 -1 -1 -1 -1 -1 -1 -1 -1 -1
0 0.618652 0.389716 0.041992 0.073072 -1 -1 -1 -1 -1 -1 -1 -1 -1 -1
0 0.576172 0.303112 0.037109 0.054127 -1 -1 -1 -1 -1 -1 -1 -1 -1 -1
0 0.600098 0.251015 0.024414 0.044655 -1 -1 -1 -1 -1 -1 -1 -1 -1 -1
0 0.578125 0.200271 0.019531 0.032476 -1 -1 -1 -1 -1 -1 -1 -1 -1 -1
0 0.560547 0.228011 0.015625 0.033829 -1 -1 -1 -1 -1 -1 -1 -1 -1 -1
0 0.541016 0.399188 0.031250 0.059540 -1 -1 -1 -1 -1 -1 -1 -1 -1 -1
0 0.537598 0.259811 0.024414 0.043302 -1 -1 -1 -1 -1 -1 -1 -1 -1 -1
0 0.520020 0.229364 0.016602 0.036536 -1 -1 -1 -1 -1 -1 -1 -1 -1 -1
0 0.487793 0.205683 0.020508 0.029770 -1 -1 -1 -1 -1 -1 -1 -1 -1 -1
0 0.494629 0.295670 0.028320 0.033829 -1 -1 -1 -1 -1 -1 -1 -1 -1 -1
0 0.462402 0.326116 0.036133 0.059540 -1 -1 -1 -1 -1 -1 -1 -1 -1 -1
0 0.439453 0.412720 0.042969 0.067659 -1 -1 -1 -1 -1 -1 -1 -1 -1 -1
0 0.427246 0.334912 0.026367 0.041949 -1 -1 -1 -1 -1 -1 -1 -1 -1 -1
0 0.407715 0.270636 0.020508 0.032476 -1 -1 -1 -1 -1 -1 -1 -1 -1 -1
0 0.376465 0.291610 0.028320 0.047361 -1 -1 -1 -1 -1 -1 -1 -1 -1 -1
0 0.337402 0.348444 0.028320 0.050068 -1 -1 -1 -1 -1 -1 -1 -1 -1 -1
0 0.324707 0.397158 0.032227 0.055480 -1 -1 -1 -1 -1 -1 -1 -1 -1 -1
0 0.302246 0.355886 0.020508 0.048714 -1 -1 -1 -1 -1 -1 -1 -1 -1 -1
0 0.252930 0.332882 0.046875 0.073072 -1 -1 -1 -1 -1 -1 -1 -1 -1 -1
0 0.196289 0.346414 0.029297 0.043302 -1 -1 -1 -1 -1 -1 -1 -1 -1 -1
0 0.126953 0.348444 0.044922 0.077131 -1 -1 -1 -1 -1 -1 -1 -1 -1 -1
0 0.005371 0.367388 0.010742 0.058187 -1 -1 -1 -1 -1 -1 -1 -1 -1 -1
0 0.974121 0.341001 0.030273 0.046008 -1 -1 -1 -1 -1 -1 -1 -1 -1 -1
0 0.869141 0.349120 0.013672 0.021651 -1 -1 -1 -1 -1 -1 -1 -1 -1 -1