0 0.061035 0.218887 0.030273 0.048316 -1 -1 -1 -1 -1 -1 -1 -1 -1 -1
0 0.145508 0.238653 0.025391 0.049780 -1 -1 -1 -1 -1 -1 -1 -1 -1 -1
0 0.225098 0.247438 0.022461 0.046852 -1 -1 -1 -1 -1 -1 -1 -1 -1 -1
0 0.306152 0.196925 0.024414 0.048316 -1 -1 -1 -1 -1 -1 -1 -1 -1 -1
0 0.856445 0.341142 0.017578 0.040996 -1 -1 -1 -1 -1 -1 -1 -1 -1 -1
0 0.904297 0.333821 0.019531 0.043924 -1 -1 -1 -1 -1 -1 -1 -1 -1 -1
0 0.516113 0.675695 0.049805 0.048316 -1 -1 -1 -1 -1 -1 -1 -1 -1 -1
0 0.679688 0.786237 0.060547 0.064422 -1 -1 -1 -1 -1 -1 -1 -1 -1 -1
0 0.210449 0.622987 0.028320 0.027818 -1 -1 -1 -1 -1 -1 -1 -1 -1 -1
0 0.828125 0.262079 0.025391 0.049780 -1 -1 -1 -1 -1 -1 -1 -1 -1 -1
0 0.338379 0.330893 0.016602 0.032211 -1 -1 -1 -1 -1 -1 -1 -1 -1 -1