0 0.065918 0.278846 0.073242 0.159091 -1 -1 -1 -1 -1 -1 -1 -1 -1 -1
0 0.227539 0.236014 0.056641 0.125874 -1 -1 -1 -1 -1 -1 -1 -1 -1 -1
0 0.175781 0.249126 0.021484 0.071678 -1 -1 -1 -1 -1 -1 -1 -1 -1 -1
0 0.045898 0.150350 0.031250 0.055944 -1 -1 -1 -1 -1 -1 -1 -1 -1 -1
0 0.100098 0.174825 0.032227 0.059441 -1 -1 -1 -1 -1 -1 -1 -1 -1 -1
0 0.324707 0.278846 0.028320 0.071678 -1 -1 -1 -1 -1 -1 -1 -1 -1 -1
0 0.377441 0.229021 0.063477 0.150350 -1 -1 -1 -1 -1 -1 -1 -1 -1 -1
0 0.449707 0.258741 0.038086 0.087413 -1 -1 -1 -1 -1 -1 -1 -1 -1 -1
0 0.586426 0.291958 0.028320 0.087413 -1 -1 -1 -1 -1 -1 -1 -1 -1 -1
0 0.682129 0.173951 0.073242 0.155594 -1 -1 -1 -1 -1 -1 -1 -1 -1 -1
0 0.781738 0.176573 0.055664 0.090909 -1 -1 -1 -1 -1 -1 -1 -1 -1 -1
0 0.654785 0.187063 0.045898 0.136364 -1 -1 -1 -1 -1 -1 -1 -1 -1 -1
0 0.878906 0.199301 0.035156 0.097902 -1 -1 -1 -1 -1 -1 -1 -1 -1 -1
0 0.909180 0.086538 0.033203 0.085664 -1 -1 -1 -1 -1 -1 -1 -1 -1 -1
0 0.921387 0.148601 0.041992 0.111888 -1 -1 -1 -1 -1 -1 -1 -1 -1 -1
0 0.969727 0.212413 0.058594 0.180070 -1 -1 -1 -1 -1 -1 -1 -1 -1 -1
0 0.525391 0.198427 0.011719 0.029720 -1 -1 -1 -1 -1 -1 -1 -1 -1 -1
0 0.514160 0.189685 0.010742 0.022727 -1 -1 -1 -1 -1 -1 -1 -1 -1 -1