0 0.021973 0.461821 0.022461 0.054332 -1 -1 -1 -1 -1 -1 -1 -1 -1 -1
0 0.196777 0.542584 0.051758 0.118943 -1 -1 -1 -1 -1 -1 -1 -1 -1 -1
0 0.214844 0.405286 0.029297 0.049927 -1 -1 -1 -1 -1 -1 -1 -1 -1 -1
0 0.450195 0.539648 0.041016 0.086637 -1 -1 -1 -1 -1 -1 -1 -1 -1 -1
0 0.417969 0.433186 0.017578 0.032305 -1 -1 -1 -1 -1 -1 -1 -1 -1 -1
0 0.510742 0.464023 0.013672 0.029369 -1 -1 -1 -1 -1 -1 -1 -1 -1 -1
0 0.504395 0.414097 0.010742 0.029369 -1 -1 -1 -1 -1 -1 -1 -1 -1 -1
0 0.491211 0.393539 0.013672 0.023495 -1 -1 -1 -1 -1 -1 -1 -1 -1 -1
0 0.471680 0.409692 0.009766 0.023495 -1 -1 -1 -1 -1 -1 -1 -1 -1 -1
0 0.398926 0.328194 0.004883 0.010279 -1 -1 -1 -1 -1 -1 -1 -1 -1 -1
0 0.378418 0.325257 0.004883 0.010279 -1 -1 -1 -1 -1 -1 -1 -1 -1 -1
0 0.526855 0.392805 0.008789 0.022026 -1 -1 -1 -1 -1 -1 -1 -1 -1 -1
0 0.608887 0.389134 0.006836 0.011747 -1 -1 -1 -1 -1 -1 -1 -1 -1 -1
0 0.619141 0.611601 0.058594 0.124816 -1 -1 -1 -1 -1 -1 -1 -1 -1 -1
0 0.592773 0.453744 0.017578 0.044053 -1 -1 -1 -1 -1 -1 -1 -1 -1 -1
0 0.682129 0.420705 0.028320 0.054332 -1 -1 -1 -1 -1 -1 -1 -1 -1 -1
0 0.617188 0.405286 0.011719 0.026432 -1 -1 -1 -1 -1 -1 -1 -1 -1 -1
0 0.765625 0.399413 0.015625 0.032305 -1 -1 -1 -1 -1 -1 -1 -1 -1 -1
0 0.808594 0.398678 0.011719 0.036711 -1 -1 -1 -1 -1 -1 -1 -1 -1 -1
0 0.748535 0.372247 0.006836 0.019090 -1 -1 -1 -1 -1 -1 -1 -1 -1 -1
0 0.552734 0.365639 0.007812 0.017621 -1 -1 -1 -1 -1 -1 -1 -1 -1 -1
0 0.571777 0.343612 0.006836 0.011747 -1 -1 -1 -1 -1 -1 -1 -1 -1 -1
0 0.867676 0.441263 0.020508 0.048458 -1 -1 -1 -1 -1 -1 -1 -1 -1 -1
0 0.900879 0.464023 0.022461 0.044053 -1 -1 -1 -1 -1 -1 -1 -1 -1 -1
0 0.921387 0.409692 0.016602 0.038179 -1 -1 -1 -1 -1 -1 -1 -1 -1 -1
0 0.958496 0.424376 0.016602 0.035242 -1 -1 -1 -1 -1 -1 -1 -1 -1 -1
0 0.977051 0.396476 0.012695 0.026432 -1 -1 -1 -1 -1 -1 -1 -1 -1 -1
0 0.919922 0.630690 0.052734 0.110132 -1 -1 -1 -1 -1 -1 -1 -1 -1 -1
0 0.645020 0.436123 0.016602 0.035242 -1 -1 -1 -1 -1 -1 -1 -1 -1 -1