0 0.104492 0.055474 0.017578 0.026277 -1 -1 -1 -1 -1 -1 -1 -1 -1 -1
0 0.084961 0.459854 0.056641 0.122628 -1 -1 -1 -1 -1 -1 -1 -1 -1 -1
0 0.133301 0.503650 0.022461 0.049635 -1 -1 -1 -1 -1 -1 -1 -1 -1 -1
0 0.156250 0.481752 0.041016 0.064234 -1 -1 -1 -1 -1 -1 -1 -1 -1 -1
0 0.217773 0.421168 0.041016 0.080292 -1 -1 -1 -1 -1 -1 -1 -1 -1 -1
0 0.293945 0.491241 0.048828 0.080292 -1 -1 -1 -1 -1 -1 -1 -1 -1 -1
0 0.373047 0.557664 0.052734 0.105109 -1 -1 -1 -1 -1 -1 -1 -1 -1 -1
0 0.401855 0.462044 0.041992 0.080292 -1 -1 -1 -1 -1 -1 -1 -1 -1 -1
0 0.457520 0.479562 0.024414 0.048175 -1 -1 -1 -1 -1 -1 -1 -1 -1 -1
0 0.496582 0.505109 0.049805 0.096350 -1 -1 -1 -1 -1 -1 -1 -1 -1 -1
0 0.598633 0.559124 0.050781 0.087591 -1 -1 -1 -1 -1 -1 -1 -1 -1 -1
0 0.543457 0.524818 0.026367 0.051095 -1 -1 -1 -1 -1 -1 -1 -1 -1 -1
0 0.532715 0.477372 0.018555 0.029197 -1 -1 -1 -1 -1 -1 -1 -1 -1 -1
0 0.685547 0.489781 0.035156 0.054015 -1 -1 -1 -1 -1 -1 -1 -1 -1 -1
0 0.632812 0.549635 0.031250 0.074453 -1 -1 -1 -1 -1 -1 -1 -1 -1 -1
0 0.434082 0.953285 0.086914 0.093431 -1 -1 -1 -1 -1 -1 -1 -1 -1 -1
0 0.724121 0.521898 0.010742 0.027737 -1 -1 -1 -1 -1 -1 -1 -1 -1 -1
0 0.739746 0.511679 0.010742 0.021898 -1 -1 -1 -1 -1 -1 -1 -1 -1 -1