0 0.040527 0.783626 0.036133 0.058480 -1 -1 -1 -1 -1 -1 -1 -1 -1 -1
0 0.104004 0.796053 0.030273 0.033626 -1 -1 -1 -1 -1 -1 -1 -1 -1 -1
0 0.175781 0.741228 0.027344 0.043860 -1 -1 -1 -1 -1 -1 -1 -1 -1 -1
0 0.276855 0.791667 0.040039 0.077485 -1 -1 -1 -1 -1 -1 -1 -1 -1 -1
0 0.387207 0.752924 0.096680 0.201754 -1 -1 -1 -1 -1 -1 -1 -1 -1 -1
0 0.512207 0.674708 0.020508 0.033626 -1 -1 -1 -1 -1 -1 -1 -1 -1 -1
0 0.532227 0.671784 0.017578 0.039474 -1 -1 -1 -1 -1 -1 -1 -1 -1 -1
0 0.567383 0.656433 0.019531 0.035088 -1 -1 -1 -1 -1 -1 -1 -1 -1 -1
0 0.741211 0.668129 0.025391 0.064327 -1 -1 -1 -1 -1 -1 -1 -1 -1 -1
0 0.677734 0.767544 0.070312 0.137427 -1 -1 -1 -1 -1 -1 -1 -1 -1 -1
0 0.816895 0.609649 0.055664 0.093567 -1 -1 -1 -1 -1 -1 -1 -1 -1 -1
0 0.916504 0.562135 0.024414 0.045322 -1 -1 -1 -1 -1 -1 -1 -1 -1 -1
0 0.949219 0.520468 0.013672 0.032164 -1 -1 -1 -1 -1 -1 -1 -1 -1 -1
0 0.231934 0.756579 0.022461 0.036550 -1 -1 -1 -1 -1 -1 -1 -1 -1 -1
0 0.145996 0.752924 0.032227 0.081871 -1 -1 -1 -1 -1 -1 -1 -1 -1 -1
0 0.198242 0.733187 0.017578 0.054094 -1 -1 -1 -1 -1 -1 -1 -1 -1 -1
0 0.989258 0.534357 0.021484 0.048246 -1 -1 -1 -1 -1 -1 -1 -1 -1 -1