0 0.036133 0.606120 0.019531 0.042969 -1 -1 -1 -1 -1 -1 -1 -1 -1 -1
0 0.071777 0.627604 0.016602 0.036458 -1 -1 -1 -1 -1 -1 -1 -1 -1 -1
0 0.187012 0.585938 0.026367 0.049479 -1 -1 -1 -1 -1 -1 -1 -1 -1 -1
0 0.174316 0.609375 0.018555 0.033854 -1 -1 -1 -1 -1 -1 -1 -1 -1 -1
0 0.363281 0.629557 0.011719 0.022135 -1 -1 -1 -1 -1 -1 -1 -1 -1 -1
0 0.391113 0.625651 0.006836 0.014323 -1 -1 -1 -1 -1 -1 -1 -1 -1 -1
0 0.401855 0.634766 0.008789 0.016927 -1 -1 -1 -1 -1 -1 -1 -1 -1 -1
0 0.421875 0.652995 0.009766 0.011719 -1 -1 -1 -1 -1 -1 -1 -1 -1 -1
0 0.309570 0.606120 0.048828 0.076823 -1 -1 -1 -1 -1 -1 -1 -1 -1 -1
0 0.464355 0.638021 0.045898 0.088542 -1 -1 -1 -1 -1 -1 -1 -1 -1 -1
0 0.512695 0.617839 0.021484 0.037760 -1 -1 -1 -1 -1 -1 -1 -1 -1 -1
0 0.570312 0.639974 0.007812 0.014323 -1 -1 -1 -1 -1 -1 -1 -1 -1 -1
0 0.577148 0.649740 0.007812 0.018229 -1 -1 -1 -1 -1 -1 -1 -1 -1 -1
0 0.601562 0.658203 0.021484 0.040365 -1 -1 -1 -1 -1 -1 -1 -1 -1 -1
0 0.636230 0.629557 0.012695 0.022135 -1 -1 -1 -1 -1 -1 -1 -1 -1 -1
0 0.658691 0.686198 0.020508 0.041667 -1 -1 -1 -1 -1 -1 -1 -1 -1 -1
0 0.704590 0.634766 0.008789 0.022135 -1 -1 -1 -1 -1 -1 -1 -1 -1 -1
0 0.723145 0.652995 0.026367 0.058594 -1 -1 -1 -1 -1 -1 -1 -1 -1 -1
0 0.466797 0.921875 0.132812 0.156250 -1 -1 -1 -1 -1 -1 -1 -1 -1 -1
0 0.692383 0.642578 0.007812 0.019531 -1 -1 -1 -1 -1 -1 -1 -1 -1 -1
0 0.709473 0.695964 0.010742 0.024740 -1 -1 -1 -1 -1 -1 -1 -1 -1 -1
0 0.784180 0.628906 0.021484 0.036458 -1 -1 -1 -1 -1 -1 -1 -1 -1 -1
0 0.766602 0.634115 0.019531 0.039062 -1 -1 -1 -1 -1 -1 -1 -1 -1 -1
0 0.855957 0.664062 0.018555 0.033854 -1 -1 -1 -1 -1 -1 -1 -1 -1 -1
0 0.916016 0.684896 0.025391 0.041667 -1 -1 -1 -1 -1 -1 -1 -1 -1 -1
0 0.843750 0.637370 0.009766 0.016927 -1 -1 -1 -1 -1 -1 -1 -1 -1 -1
0 0.822266 0.653646 0.013672 0.023438 -1 -1 -1 -1 -1 -1 -1 -1 -1 -1
0 0.909668 0.635417 0.012695 0.026042 -1 -1 -1 -1 -1 -1 -1 -1 -1 -1
0 0.965332 0.662109 0.016602 0.029948 -1 -1 -1 -1 -1 -1 -1 -1 -1 -1