0 0.031738 0.350911 0.036133 0.055990 -1 -1 -1 -1 -1 -1 -1 -1 -1 -1
0 0.110352 0.350260 0.046875 0.080729 -1 -1 -1 -1 -1 -1 -1 -1 -1 -1
0 0.188477 0.353516 0.056641 0.089844 -1 -1 -1 -1 -1 -1 -1 -1 -1 -1
0 0.260742 0.296875 0.050781 0.117188 -1 -1 -1 -1 -1 -1 -1 -1 -1 -1
0 0.400879 0.382812 0.034180 0.065104 -1 -1 -1 -1 -1 -1 -1 -1 -1 -1
0 0.441895 0.388021 0.075195 0.132812 -1 -1 -1 -1 -1 -1 -1 -1 -1 -1
0 0.541016 0.388672 0.046875 0.082031 -1 -1 -1 -1 -1 -1 -1 -1 -1 -1
0 0.588379 0.412109 0.028320 0.055990 -1 -1 -1 -1 -1 -1 -1 -1 -1 -1
0 0.638672 0.377604 0.046875 0.062500 -1 -1 -1 -1 -1 -1 -1 -1 -1 -1
0 0.717285 0.320964 0.043945 0.100260 -1 -1 -1 -1 -1 -1 -1 -1 -1 -1
0 0.817383 0.371745 0.029297 0.053385 -1 -1 -1 -1 -1 -1 -1 -1 -1 -1
0 0.869629 0.341797 0.049805 0.074219 -1 -1 -1 -1 -1 -1 -1 -1 -1 -1
0 0.916992 0.380859 0.021484 0.037760 -1 -1 -1 -1 -1 -1 -1 -1 -1 -1