0 0.045898 0.293103 0.015625 0.026525 -1 -1 -1 -1 -1 -1 -1 -1 -1 -1
0 0.097656 0.290451 0.015625 0.023873 -1 -1 -1 -1 -1 -1 -1 -1 -1 -1
0 0.140625 0.283820 0.017578 0.021220 -1 -1 -1 -1 -1 -1 -1 -1 -1 -1
0 0.183105 0.291777 0.012695 0.018568 -1 -1 -1 -1 -1 -1 -1 -1 -1 -1
0 0.051270 0.249337 0.004883 0.010610 -1 -1 -1 -1 -1 -1 -1 -1 -1 -1
0 0.037109 0.246684 0.005859 0.010610 -1 -1 -1 -1 -1 -1 -1 -1 -1 -1
0 0.207520 0.289788 0.016602 0.027851 -1 -1 -1 -1 -1 -1 -1 -1 -1 -1
0 0.225098 0.291114 0.014648 0.022546 -1 -1 -1 -1 -1 -1 -1 -1 -1 -1
0 0.241699 0.311671 0.016602 0.026525 -1 -1 -1 -1 -1 -1 -1 -1 -1 -1
0 0.283203 0.065650 0.009766 0.017241 -1 -1 -1 -1 -1 -1 -1 -1 -1 -1
0 0.885254 0.235411 0.016602 0.030504 -1 -1 -1 -1 -1 -1 -1 -1 -1 -1
0 0.352539 0.285146 0.015625 0.026525 -1 -1 -1 -1 -1 -1 -1 -1 -1 -1
0 0.353027 0.311008 0.014648 0.025199 -1 -1 -1 -1 -1 -1 -1 -1 -1 -1
0 0.334473 0.375995 0.024414 0.049072 -1 -1 -1 -1 -1 -1 -1 -1 -1 -1
0 0.393066 0.327586 0.018555 0.031830 -1 -1 -1 -1 -1 -1 -1 -1 -1 -1
0 0.466309 0.348806 0.020508 0.023873 -1 -1 -1 -1 -1 -1 -1 -1 -1 -1
0 0.494629 0.283156 0.012695 0.025199 -1 -1 -1 -1 -1 -1 -1 -1 -1 -1
0 0.509766 0.285809 0.015625 0.030504 -1 -1 -1 -1 -1 -1 -1 -1 -1 -1
0 0.537109 0.286472 0.011719 0.021220 -1 -1 -1 -1 -1 -1 -1 -1 -1 -1
0 0.545898 0.302387 0.015625 0.026525 -1 -1 -1 -1 -1 -1 -1 -1 -1 -1
0 0.627930 0.366048 0.025391 0.034483 -1 -1 -1 -1 -1 -1 -1 -1 -1 -1
0 0.806152 0.455570 0.026367 0.049072 -1 -1 -1 -1 -1 -1 -1 -1 -1 -1
0 0.615723 0.521883 0.061523 0.112732 -1 -1 -1 -1 -1 -1 -1 -1 -1 -1
0 0.280762 0.586870 0.045898 0.094164 -1 -1 -1 -1 -1 -1 -1 -1 -1 -1
0 0.883301 0.585544 0.067383 0.118037 -1 -1 -1 -1 -1 -1 -1 -1 -1 -1
0 0.127930 0.264589 0.003906 0.006631 -1 -1 -1 -1 -1 -1 -1 -1 -1 -1
0 0.593262 0.344828 0.016602 0.034483 -1 -1 -1 -1 -1 -1 -1 -1 -1 -1
0 0.599121 0.334881 0.016602 0.033156 -1 -1 -1 -1 -1 -1 -1 -1 -1 -1
0 0.915527 0.336870 0.014648 0.026525 -1 -1 -1 -1 -1 -1 -1 -1 -1 -1
0 0.889160 0.336207 0.014648 0.025199 -1 -1 -1 -1 -1 -1 -1 -1 -1 -1
0 0.931152 0.336207 0.012695 0.022546 -1 -1 -1 -1 -1 -1 -1 -1 -1 -1
0 0.150879 0.144562 0.008789 0.013263 -1 -1 -1 -1 -1 -1 -1 -1 -1 -1