0 0.874512 0.466325 0.018555 0.027818 -1 -1 -1 -1 -1 -1 -1 -1 -1 -1
0 0.817383 0.532943 0.019531 0.043924 -1 -1 -1 -1 -1 -1 -1 -1 -1 -1
0 0.503906 0.481698 0.005859 0.014641 -1 -1 -1 -1 -1 -1 -1 -1 -1 -1
0 0.594238 0.607613 0.018555 0.046852 -1 -1 -1 -1 -1 -1 -1 -1 -1 -1
0 0.530762 0.494143 0.006836 0.013177 -1 -1 -1 -1 -1 -1 -1 -1 -1 -1
0 0.327637 0.618594 0.010742 0.030747 -1 -1 -1 -1 -1 -1 -1 -1 -1 -1
0 0.135742 0.775988 0.029297 0.067350 -1 -1 -1 -1 -1 -1 -1 -1 -1 -1
0 0.017090 0.644217 0.008789 0.017570 -1 -1 -1 -1 -1 -1 -1 -1 -1 -1
0 0.817871 0.427526 0.006836 0.014641 -1 -1 -1 -1 -1 -1 -1 -1 -1 -1
0 0.287598 0.254758 0.004883 0.008785 -1 -1 -1 -1 -1 -1 -1 -1 -1 -1
0 0.064453 0.628843 0.009766 0.021962 -1 -1 -1 -1 -1 -1 -1 -1 -1 -1