0 0.417480 0.417034 0.010742 0.014684 -1 -1 -1 -1 -1 -1 -1 -1 -1 -1
0 0.665527 0.379589 0.036133 0.063142 -1 -1 -1 -1 -1 -1 -1 -1 -1 -1
0 0.630859 0.362702 0.029297 0.055800 -1 -1 -1 -1 -1 -1 -1 -1 -1 -1
0 0.585938 0.399413 0.033203 0.061674 -1 -1 -1 -1 -1 -1 -1 -1 -1 -1
0 0.849121 0.427313 0.016602 0.035242 -1 -1 -1 -1 -1 -1 -1 -1 -1 -1
0 0.901367 0.379589 0.033203 0.051395 -1 -1 -1 -1 -1 -1 -1 -1 -1 -1
0 0.492188 0.400147 0.013672 0.019090 -1 -1 -1 -1 -1 -1 -1 -1 -1 -1
0 0.266602 0.395742 0.041016 0.074890 -1 -1 -1 -1 -1 -1 -1 -1 -1 -1
0 0.540039 0.424376 0.009766 0.017621 -1 -1 -1 -1 -1 -1 -1 -1 -1 -1
0 0.462891 0.359031 0.009766 0.016153 -1 -1 -1 -1 -1 -1 -1 -1 -1 -1
0 0.386230 0.434655 0.008789 0.014684 -1 -1 -1 -1 -1 -1 -1 -1 -1 -1
0 0.300781 0.372981 0.009766 0.014684 -1 -1 -1 -1 -1 -1 -1 -1 -1 -1
0 0.504395 0.433921 0.010742 0.019090 -1 -1 -1 -1 -1 -1 -1 -1 -1 -1