0 0.181152 0.215125 0.030273 0.063142 -1 -1 -1 -1 -1 -1 -1 -1 -1 -1
0 0.390625 0.210720 0.042969 0.095448 -1 -1 -1 -1 -1 -1 -1 -1 -1 -1
0 0.618652 0.368576 0.049805 0.073421 -1 -1 -1 -1 -1 -1 -1 -1 -1 -1
0 0.789551 0.248164 0.047852 0.076358 -1 -1 -1 -1 -1 -1 -1 -1 -1 -1
0 0.434082 0.409692 0.034180 0.055800 -1 -1 -1 -1 -1 -1 -1 -1 -1 -1
0 0.979492 0.413363 0.023438 0.042584 -1 -1 -1 -1 -1 -1 -1 -1 -1 -1
0 0.024414 0.435389 0.019531 0.042584 -1 -1 -1 -1 -1 -1 -1 -1 -1 -1
0 0.084961 0.452276 0.019531 0.038179 -1 -1 -1 -1 -1 -1 -1 -1 -1 -1
0 0.843262 0.422173 0.020508 0.033774 -1 -1 -1 -1 -1 -1 -1 -1 -1 -1
0 0.896973 0.413363 0.022461 0.030837 -1 -1 -1 -1 -1 -1 -1 -1 -1 -1
0 0.232910 0.329662 0.016602 0.024963 -1 -1 -1 -1 -1 -1 -1 -1 -1 -1