0 0.254395 0.096067 0.053711 0.116490 -1 -1 -1 -1 -1 -1 -1 -1 -1 -1
0 0.471680 0.226929 0.083984 0.166415 -1 -1 -1 -1 -1 -1 -1 -1 -1 -1
0 0.797363 0.147504 0.018555 0.040847 -1 -1 -1 -1 -1 -1 -1 -1 -1 -1
0 0.627930 0.268533 0.009766 0.019667 -1 -1 -1 -1 -1 -1 -1 -1 -1 -1
0 0.643555 0.269289 0.007812 0.018154 -1 -1 -1 -1 -1 -1 -1 -1 -1 -1
0 0.667480 0.268533 0.010742 0.022693 -1 -1 -1 -1 -1 -1 -1 -1 -1 -1
0 0.673828 0.254160 0.009766 0.018154 -1 -1 -1 -1 -1 -1 -1 -1 -1 -1
0 0.706055 0.253404 0.009766 0.019667 -1 -1 -1 -1 -1 -1 -1 -1 -1 -1
0 0.724609 0.239032 0.011719 0.015129 -1 -1 -1 -1 -1 -1 -1 -1 -1 -1
0 0.830078 0.201967 0.011719 0.022693 -1 -1 -1 -1 -1 -1 -1 -1 -1 -1
0 0.867676 0.201210 0.010742 0.021180 -1 -1 -1 -1 -1 -1 -1 -1 -1 -1
0 0.909180 0.173222 0.011719 0.019667 -1 -1 -1 -1 -1 -1 -1 -1 -1 -1
0 0.089844 0.456127 0.011719 0.022693 -1 -1 -1 -1 -1 -1 -1 -1 -1 -1
0 0.561035 0.287443 0.010742 0.018154 -1 -1 -1 -1 -1 -1 -1 -1 -1 -1