0 0.217773 0.120443 0.039062 0.074219 -1 -1 -1 -1 -1 -1 -1 -1 -1 -1
0 0.323730 0.147786 0.040039 0.076823 -1 -1 -1 -1 -1 -1 -1 -1 -1 -1
0 0.232910 0.348307 0.041992 0.076823 -1 -1 -1 -1 -1 -1 -1 -1 -1 -1
0 0.364258 0.330729 0.044922 0.083333 -1 -1 -1 -1 -1 -1 -1 -1 -1 -1
0 0.456055 0.129557 0.039062 0.071615 -1 -1 -1 -1 -1 -1 -1 -1 -1 -1
0 0.598145 0.115885 0.040039 0.072917 -1 -1 -1 -1 -1 -1 -1 -1 -1 -1
0 0.637695 0.332031 0.042969 0.078125 -1 -1 -1 -1 -1 -1 -1 -1 -1 -1
0 0.500000 0.356120 0.041016 0.082031 -1 -1 -1 -1 -1 -1 -1 -1 -1 -1
0 0.716797 0.121094 0.041016 0.065104 -1 -1 -1 -1 -1 -1 -1 -1 -1 -1
0 0.811523 0.107422 0.041016 0.074219 -1 -1 -1 -1 -1 -1 -1 -1 -1 -1
0 0.765137 0.333333 0.041992 0.075521 -1 -1 -1 -1 -1 -1 -1 -1 -1 -1