0 0.064453 0.432292 0.023438 0.052083 -1 -1 -1 -1 -1 -1 -1 -1 -1 -1
0 0.121094 0.424479 0.013672 0.020833 -1 -1 -1 -1 -1 -1 -1 -1 -1 -1
0 0.340820 0.494792 0.027344 0.044271 -1 -1 -1 -1 -1 -1 -1 -1 -1 -1
0 0.274902 0.445312 0.018555 0.041667 -1 -1 -1 -1 -1 -1 -1 -1 -1 -1
0 0.310059 0.427083 0.016602 0.039062 -1 -1 -1 -1 -1 -1 -1 -1 -1 -1
0 0.251953 0.435547 0.015625 0.040365 -1 -1 -1 -1 -1 -1 -1 -1 -1 -1
0 0.228027 0.415365 0.020508 0.044271 -1 -1 -1 -1 -1 -1 -1 -1 -1 -1
0 0.338379 0.405599 0.014648 0.032552 -1 -1 -1 -1 -1 -1 -1 -1 -1 -1
0 0.476562 0.399740 0.027344 0.054688 -1 -1 -1 -1 -1 -1 -1 -1 -1 -1
0 0.543945 0.422526 0.027344 0.050781 -1 -1 -1 -1 -1 -1 -1 -1 -1 -1
0 0.573730 0.411458 0.014648 0.031250 -1 -1 -1 -1 -1 -1 -1 -1 -1 -1
0 0.608398 0.449219 0.023438 0.046875 -1 -1 -1 -1 -1 -1 -1 -1 -1 -1
0 0.623535 0.389974 0.018555 0.032552 -1 -1 -1 -1 -1 -1 -1 -1 -1 -1
0 0.657715 0.424479 0.024414 0.049479 -1 -1 -1 -1 -1 -1 -1 -1 -1 -1
0 0.687500 0.443359 0.025391 0.055990 -1 -1 -1 -1 -1 -1 -1 -1 -1 -1
0 0.739746 0.426432 0.030273 0.048177 -1 -1 -1 -1 -1 -1 -1 -1 -1 -1
0 0.717285 0.458333 0.020508 0.028646 -1 -1 -1 -1 -1 -1 -1 -1 -1 -1
0 0.803711 0.517578 0.027344 0.053385 -1 -1 -1 -1 -1 -1 -1 -1 -1 -1
0 0.786621 0.632812 0.034180 0.057292 -1 -1 -1 -1 -1 -1 -1 -1 -1 -1
0 0.876465 0.458333 0.018555 0.039062 -1 -1 -1 -1 -1 -1 -1 -1 -1 -1
0 0.957031 0.454427 0.015625 0.039062 -1 -1 -1 -1 -1 -1 -1 -1 -1 -1
0 0.243652 0.640625 0.034180 0.046875 -1 -1 -1 -1 -1 -1 -1 -1 -1 -1
0 0.297852 0.393229 0.013672 0.023438 -1 -1 -1 -1 -1 -1 -1 -1 -1 -1
0 0.268555 0.391927 0.015625 0.023438 -1 -1 -1 -1 -1 -1 -1 -1 -1 -1
0 0.175781 0.395182 0.013672 0.022135 -1 -1 -1 -1 -1 -1 -1 -1 -1 -1
0 0.102051 0.460286 0.014648 0.024740 -1 -1 -1 -1 -1 -1 -1 -1 -1 -1
0 0.324219 0.376953 0.013672 0.022135 -1 -1 -1 -1 -1 -1 -1 -1 -1 -1
0 0.372559 0.370443 0.008789 0.019531 -1 -1 -1 -1 -1 -1 -1 -1 -1 -1
0 0.386719 0.417318 0.015625 0.029948 -1 -1 -1 -1 -1 -1 -1 -1 -1 -1
0 0.808105 0.462891 0.020508 0.032552 -1 -1 -1 -1 -1 -1 -1 -1 -1 -1