0 0.842773 0.250000 0.039062 0.077713 -1 -1 -1 -1 -1 -1 -1 -1 -1 -1
0 0.945312 0.492669 0.005859 0.014663 -1 -1 -1 -1 -1 -1 -1 -1 -1 -1
0 0.146973 0.260264 0.038086 0.071848 -1 -1 -1 -1 -1 -1 -1 -1 -1 -1
0 0.264648 0.263930 0.037109 0.070381 -1 -1 -1 -1 -1 -1 -1 -1 -1 -1
0 0.391113 0.244868 0.034180 0.076246 -1 -1 -1 -1 -1 -1 -1 -1 -1 -1
0 0.205078 0.559384 0.037109 0.077713 -1 -1 -1 -1 -1 -1 -1 -1 -1 -1
0 0.394043 0.551320 0.038086 0.073314 -1 -1 -1 -1 -1 -1 -1 -1 -1 -1
0 0.496582 0.241202 0.036133 0.083578 -1 -1 -1 -1 -1 -1 -1 -1 -1 -1
0 0.598633 0.237537 0.039062 0.076246 -1 -1 -1 -1 -1 -1 -1 -1 -1 -1
0 0.724121 0.219941 0.038086 0.079179 -1 -1 -1 -1 -1 -1 -1 -1 -1 -1
0 0.581543 0.553519 0.038086 0.083578 -1 -1 -1 -1 -1 -1 -1 -1 -1 -1
0 0.764648 0.574047 0.039062 0.071848 -1 -1 -1 -1 -1 -1 -1 -1 -1 -1