0 0.132812 0.497688 0.015625 0.021965 -1 -1 -1 -1 -1 -1 -1 -1 -1 -1
0 0.304199 0.507514 0.014648 0.027746 -1 -1 -1 -1 -1 -1 -1 -1 -1 -1
0 0.342285 0.447977 0.008789 0.012717 -1 -1 -1 -1 -1 -1 -1 -1 -1 -1
0 0.397461 0.481503 0.015625 0.024277 -1 -1 -1 -1 -1 -1 -1 -1 -1 -1
0 0.450684 0.439306 0.008789 0.013873 -1 -1 -1 -1 -1 -1 -1 -1 -1 -1
0 0.471191 0.448555 0.014648 0.023121 -1 -1 -1 -1 -1 -1 -1 -1 -1 -1
0 0.523438 0.473988 0.017578 0.020809 -1 -1 -1 -1 -1 -1 -1 -1 -1 -1
0 0.532227 0.416763 0.009766 0.015029 -1 -1 -1 -1 -1 -1 -1 -1 -1 -1
0 0.618652 0.476301 0.014648 0.020809 -1 -1 -1 -1 -1 -1 -1 -1 -1 -1
0 0.655762 0.484393 0.012695 0.025434 -1 -1 -1 -1 -1 -1 -1 -1 -1 -1
0 0.714355 0.451445 0.012695 0.017341 -1 -1 -1 -1 -1 -1 -1 -1 -1 -1
0 0.844727 0.443931 0.019531 0.025434 -1 -1 -1 -1 -1 -1 -1 -1 -1 -1
0 0.923828 0.449711 0.011719 0.016185 -1 -1 -1 -1 -1 -1 -1 -1 -1 -1
0 0.981934 0.439884 0.014648 0.017341 -1 -1 -1 -1 -1 -1 -1 -1 -1 -1
0 0.296875 0.476879 0.011719 0.021965 -1 -1 -1 -1 -1 -1 -1 -1 -1 -1