0 0.071289 0.369928 0.029297 0.045346 -1 -1 -1 -1 -1 -1 -1 -1 -1 -1
0 0.006348 0.388425 0.012695 0.034606 -1 -1 -1 -1 -1 -1 -1 -1 -1 -1
0 0.180176 0.377685 0.028320 0.041766 -1 -1 -1 -1 -1 -1 -1 -1 -1 -1
0 0.284668 0.375895 0.024414 0.045346 -1 -1 -1 -1 -1 -1 -1 -1 -1 -1
0 0.322266 0.374702 0.023438 0.035800 -1 -1 -1 -1 -1 -1 -1 -1 -1 -1
0 0.405273 0.384248 0.021484 0.033413 -1 -1 -1 -1 -1 -1 -1 -1 -1 -1
0 0.481934 0.378282 0.022461 0.031026 -1 -1 -1 -1 -1 -1 -1 -1 -1 -1
0 0.546387 0.377685 0.026367 0.032220 -1 -1 -1 -1 -1 -1 -1 -1 -1 -1
0 0.618652 0.371122 0.026367 0.033413 -1 -1 -1 -1 -1 -1 -1 -1 -1 -1
0 0.667969 0.378878 0.025391 0.044153 -1 -1 -1 -1 -1 -1 -1 -1 -1 -1
0 0.745117 0.359785 0.027344 0.044153 -1 -1 -1 -1 -1 -1 -1 -1 -1 -1
0 0.861816 0.381265 0.026367 0.051313 -1 -1 -1 -1 -1 -1 -1 -1 -1 -1
0 0.884766 0.381265 0.033203 0.053699 -1 -1 -1 -1 -1 -1 -1 -1 -1 -1
0 0.969727 0.448687 0.029297 0.081146 -1 -1 -1 -1 -1 -1 -1 -1 -1 -1