0 0.535156 0.388021 0.042969 0.080729 -1 -1 -1 -1 -1 -1 -1 -1 -1 -1
0 0.900879 0.140625 0.026367 0.054688 -1 -1 -1 -1 -1 -1 -1 -1 -1 -1
0 0.946777 0.132812 0.024414 0.039062 -1 -1 -1 -1 -1 -1 -1 -1 -1 -1
0 0.845703 0.132812 0.019531 0.041667 -1 -1 -1 -1 -1 -1 -1 -1 -1 -1
0 0.735840 0.152995 0.014648 0.029948 -1 -1 -1 -1 -1 -1 -1 -1 -1 -1
0 0.509277 0.108724 0.034180 0.066406 -1 -1 -1 -1 -1 -1 -1 -1 -1 -1
0 0.328613 0.138021 0.030273 0.052083 -1 -1 -1 -1 -1 -1 -1 -1 -1 -1
0 0.291504 0.104818 0.020508 0.045573 -1 -1 -1 -1 -1 -1 -1 -1 -1 -1
0 0.186523 0.171875 0.025391 0.049479 -1 -1 -1 -1 -1 -1 -1 -1 -1 -1
0 0.211426 0.139323 0.024414 0.039062 -1 -1 -1 -1 -1 -1 -1 -1 -1 -1
0 0.101074 0.169271 0.020508 0.031250 -1 -1 -1 -1 -1 -1 -1 -1 -1 -1
0 0.157715 0.179688 0.018555 0.031250 -1 -1 -1 -1 -1 -1 -1 -1 -1 -1
0 0.385254 0.342448 0.041992 0.085938 -1 -1 -1 -1 -1 -1 -1 -1 -1 -1
0 0.458984 0.167318 0.019531 0.037760 -1 -1 -1 -1 -1 -1 -1 -1 -1 -1
0 0.536621 0.129557 0.028320 0.045573 -1 -1 -1 -1 -1 -1 -1 -1 -1 -1