0 0.140137 0.278119 0.012695 0.028630 -1 -1 -1 -1 -1 -1 -1 -1 -1 -1
0 0.146484 0.234151 0.009766 0.022495 -1 -1 -1 -1 -1 -1 -1 -1 -1 -1
0 0.130859 0.249489 0.007812 0.024540 -1 -1 -1 -1 -1 -1 -1 -1 -1 -1
0 0.334473 0.263804 0.038086 0.094070 -1 -1 -1 -1 -1 -1 -1 -1 -1 -1
0 0.308105 0.234151 0.004883 0.018405 -1 -1 -1 -1 -1 -1 -1 -1 -1 -1
0 0.268555 0.244376 0.007812 0.022495 -1 -1 -1 -1 -1 -1 -1 -1 -1 -1
0 0.402344 0.297546 0.005859 0.022495 -1 -1 -1 -1 -1 -1 -1 -1 -1 -1
0 0.461914 0.258691 0.007812 0.022495 -1 -1 -1 -1 -1 -1 -1 -1 -1 -1
0 0.459961 0.217791 0.007812 0.018405 -1 -1 -1 -1 -1 -1 -1 -1 -1 -1
0 0.485352 0.205521 0.005859 0.022495 -1 -1 -1 -1 -1 -1 -1 -1 -1 -1
0 0.680664 0.315951 0.013672 0.047035 -1 -1 -1 -1 -1 -1 -1 -1 -1 -1
0 0.812012 0.292434 0.032227 0.098160 -1 -1 -1 -1 -1 -1 -1 -1 -1 -1
0 0.878906 0.309816 0.009766 0.026585 -1 -1 -1 -1 -1 -1 -1 -1 -1 -1
0 0.874023 0.108384 0.003906 0.012270 -1 -1 -1 -1 -1 -1 -1 -1 -1 -1
0 0.883301 0.165644 0.006836 0.020450 -1 -1 -1 -1 -1 -1 -1 -1 -1 -1
0 0.871582 0.165644 0.004883 0.016360 -1 -1 -1 -1 -1 -1 -1 -1 -1 -1