0 0.124512 0.244729 0.032227 0.052711 -1 -1 -1 -1 -1 -1 -1 -1 -1 -1
0 0.306152 0.330572 0.022461 0.046687 -1 -1 -1 -1 -1 -1 -1 -1 -1 -1
0 0.314941 0.227410 0.038086 0.054217 -1 -1 -1 -1 -1 -1 -1 -1 -1 -1
0 0.456543 0.229669 0.041992 0.061747 -1 -1 -1 -1 -1 -1 -1 -1 -1 -1
0 0.518555 0.250000 0.031250 0.054217 -1 -1 -1 -1 -1 -1 -1 -1 -1 -1
0 0.247070 0.657380 0.025391 0.046687 -1 -1 -1 -1 -1 -1 -1 -1 -1 -1
0 0.410156 0.689759 0.029297 0.060241 -1 -1 -1 -1 -1 -1 -1 -1 -1 -1
0 0.734375 0.705572 0.011719 0.019578 -1 -1 -1 -1 -1 -1 -1 -1 -1 -1
0 0.772461 0.720633 0.015625 0.022590 -1 -1 -1 -1 -1 -1 -1 -1 -1 -1
0 0.661133 0.669428 0.009766 0.019578 -1 -1 -1 -1 -1 -1 -1 -1 -1 -1
0 0.460938 0.691265 0.009766 0.018072 -1 -1 -1 -1 -1 -1 -1 -1 -1 -1
0 0.846191 0.280120 0.026367 0.048193 -1 -1 -1 -1 -1 -1 -1 -1 -1 -1
0 0.911133 0.203313 0.042969 0.051205 -1 -1 -1 -1 -1 -1 -1 -1 -1 -1