0 0.219238 0.512370 0.030273 0.053385 -1 -1 -1 -1 -1 -1 -1 -1 -1 -1
0 0.381348 0.518880 0.028320 0.045573 -1 -1 -1 -1 -1 -1 -1 -1 -1 -1
0 0.540527 0.511719 0.028320 0.049479 -1 -1 -1 -1 -1 -1 -1 -1 -1 -1
0 0.690430 0.537109 0.027344 0.050781 -1 -1 -1 -1 -1 -1 -1 -1 -1 -1
0 0.297852 0.417969 0.013672 0.020833 -1 -1 -1 -1 -1 -1 -1 -1 -1 -1
0 0.988281 0.294271 0.007812 0.010417 -1 -1 -1 -1 -1 -1 -1 -1 -1 -1
0 0.973145 0.315104 0.008789 0.015625 -1 -1 -1 -1 -1 -1 -1 -1 -1 -1
0 0.962891 0.289062 0.009766 0.013021 -1 -1 -1 -1 -1 -1 -1 -1 -1 -1
0 0.938965 0.296875 0.010742 0.015625 -1 -1 -1 -1 -1 -1 -1 -1 -1 -1
0 0.976562 0.542318 0.007812 0.011719 -1 -1 -1 -1 -1 -1 -1 -1 -1 -1
0 0.933594 0.601562 0.011719 0.013021 -1 -1 -1 -1 -1 -1 -1 -1 -1 -1