0 0.490723 0.648568 0.047852 0.079952 -1 -1 -1 -1 -1 -1 -1 -1 -1 -1
0 0.860840 0.299523 0.049805 0.073986 -1 -1 -1 -1 -1 -1 -1 -1 -1 -1
0 0.803711 0.190931 0.044922 0.069212 -1 -1 -1 -1 -1 -1 -1 -1 -1 -1
0 0.721191 0.178401 0.043945 0.063246 -1 -1 -1 -1 -1 -1 -1 -1 -1 -1
0 0.632812 0.228520 0.046875 0.068019 -1 -1 -1 -1 -1 -1 -1 -1 -1 -1
0 0.495117 0.284010 0.046875 0.076372 -1 -1 -1 -1 -1 -1 -1 -1 -1 -1
0 0.582520 0.144391 0.038086 0.062053 -1 -1 -1 -1 -1 -1 -1 -1 -1 -1
0 0.444824 0.180788 0.051758 0.060859 -1 -1 -1 -1 -1 -1 -1 -1 -1 -1
0 0.355469 0.186754 0.041016 0.065632 -1 -1 -1 -1 -1 -1 -1 -1 -1 -1
0 0.353027 0.289379 0.040039 0.075179 -1 -1 -1 -1 -1 -1 -1 -1 -1 -1
0 0.225098 0.273866 0.047852 0.068019 -1 -1 -1 -1 -1 -1 -1 -1 -1 -1
0 0.106934 0.280430 0.053711 0.078759 -1 -1 -1 -1 -1 -1 -1 -1 -1 -1