0 0.654785 0.269853 0.045898 0.077941 -1 -1 -1 -1 -1 -1 -1 -1 -1 -1
0 0.773926 0.335294 0.036133 0.073529 -1 -1 -1 -1 -1 -1 -1 -1 -1 -1
0 0.863770 0.364706 0.026367 0.052941 -1 -1 -1 -1 -1 -1 -1 -1 -1 -1
0 0.560547 0.322059 0.031250 0.058824 -1 -1 -1 -1 -1 -1 -1 -1 -1 -1
0 0.434570 0.300735 0.037109 0.063235 -1 -1 -1 -1 -1 -1 -1 -1 -1 -1
0 0.385254 0.343382 0.024414 0.048529 -1 -1 -1 -1 -1 -1 -1 -1 -1 -1
0 0.277344 0.322794 0.035156 0.063235 -1 -1 -1 -1 -1 -1 -1 -1 -1 -1
0 0.107422 0.330147 0.031250 0.051471 -1 -1 -1 -1 -1 -1 -1 -1 -1 -1
0 0.322754 0.171324 0.012695 0.019118 -1 -1 -1 -1 -1 -1 -1 -1 -1 -1
0 0.423340 0.213235 0.010742 0.017647 -1 -1 -1 -1 -1 -1 -1 -1 -1 -1
0 0.526367 0.365441 0.025391 0.045588 -1 -1 -1 -1 -1 -1 -1 -1 -1 -1