0 0.325684 0.208277 0.075195 0.128901 -1 -1 -1 -1 -1 -1 -1 -1 -1 -1
0 0.520996 0.556309 0.034180 0.056988 -1 -1 -1 -1 -1 -1 -1 -1 -1 -1
0 0.522461 0.200814 0.005859 0.010855 -1 -1 -1 -1 -1 -1 -1 -1 -1 -1
0 0.478516 0.212347 0.005859 0.009498 -1 -1 -1 -1 -1 -1 -1 -1 -1 -1
0 0.919922 0.141791 0.005859 0.012212 -1 -1 -1 -1 -1 -1 -1 -1 -1 -1
0 0.929199 0.134328 0.004883 0.005427 -1 -1 -1 -1 -1 -1 -1 -1 -1 -1
0 0.968262 0.138399 0.006836 0.013569 -1 -1 -1 -1 -1 -1 -1 -1 -1 -1
0 0.829590 0.154681 0.006836 0.008141 -1 -1 -1 -1 -1 -1 -1 -1 -1 -1
0 0.992676 0.128223 0.006836 0.012212 -1 -1 -1 -1 -1 -1 -1 -1 -1 -1
0 0.908691 0.097015 0.004883 0.009498 -1 -1 -1 -1 -1 -1 -1 -1 -1 -1
0 0.437988 0.227273 0.006836 0.012212 -1 -1 -1 -1 -1 -1 -1 -1 -1 -1
0 0.939941 0.141113 0.008789 0.010855 -1 -1 -1 -1 -1 -1 -1 -1 -1 -1
0 0.851074 0.151967 0.006836 0.010855 -1 -1 -1 -1 -1 -1 -1 -1 -1 -1