0 0.032715 0.206107 0.018555 0.036641 -1 -1 -1 -1 -1 -1 -1 -1 -1 -1
0 0.189941 0.280153 0.012695 0.025954 -1 -1 -1 -1 -1 -1 -1 -1 -1 -1
0 0.305176 0.229771 0.038086 0.080916 -1 -1 -1 -1 -1 -1 -1 -1 -1 -1
0 0.381348 0.253435 0.014648 0.030534 -1 -1 -1 -1 -1 -1 -1 -1 -1 -1
0 0.463379 0.226718 0.016602 0.035115 -1 -1 -1 -1 -1 -1 -1 -1 -1 -1
0 0.511230 0.195420 0.036133 0.073282 -1 -1 -1 -1 -1 -1 -1 -1 -1 -1
0 0.131348 0.301527 0.036133 0.083969 -1 -1 -1 -1 -1 -1 -1 -1 -1 -1
0 0.843262 0.260305 0.014648 0.032061 -1 -1 -1 -1 -1 -1 -1 -1 -1 -1
0 0.956543 0.244275 0.012695 0.027481 -1 -1 -1 -1 -1 -1 -1 -1 -1 -1
0 0.891113 0.326718 0.034180 0.067176 -1 -1 -1 -1 -1 -1 -1 -1 -1 -1
0 0.741211 0.273282 0.035156 0.070229 -1 -1 -1 -1 -1 -1 -1 -1 -1 -1
0 0.779785 0.233588 0.012695 0.027481 -1 -1 -1 -1 -1 -1 -1 -1 -1 -1