0 0.630371 0.299701 0.036133 0.082212 -1 -1 -1 -1 -1 -1 -1 -1 -1 -1
0 0.835449 0.327354 0.026367 0.050822 -1 -1 -1 -1 -1 -1 -1 -1 -1 -1
0 0.825684 0.251121 0.018555 0.035874 -1 -1 -1 -1 -1 -1 -1 -1 -1 -1
0 0.876465 0.242900 0.022461 0.046338 -1 -1 -1 -1 -1 -1 -1 -1 -1 -1
0 0.791504 0.251121 0.014648 0.029895 -1 -1 -1 -1 -1 -1 -1 -1 -1 -1
0 0.566406 0.210762 0.023438 0.047833 -1 -1 -1 -1 -1 -1 -1 -1 -1 -1
0 0.470215 0.212257 0.020508 0.044843 -1 -1 -1 -1 -1 -1 -1 -1 -1 -1
0 0.373535 0.198057 0.018555 0.040359 -1 -1 -1 -1 -1 -1 -1 -1 -1 -1
0 0.244629 0.212257 0.020508 0.041854 -1 -1 -1 -1 -1 -1 -1 -1 -1 -1
0 0.387695 0.239910 0.017578 0.028401 -1 -1 -1 -1 -1 -1 -1 -1 -1 -1
0 0.158691 0.241405 0.018555 0.037369 -1 -1 -1 -1 -1 -1 -1 -1 -1 -1