0 0.788086 0.651050 0.052734 0.100162 -1 -1 -1 -1 -1 -1 -1 -1 -1 -1
0 0.888672 0.466074 0.041016 0.085622 -1 -1 -1 -1 -1 -1 -1 -1 -1 -1
0 0.829102 0.462843 0.037109 0.079160 -1 -1 -1 -1 -1 -1 -1 -1 -1 -1
0 0.734375 0.529079 0.041016 0.082391 -1 -1 -1 -1 -1 -1 -1 -1 -1 -1
0 0.649414 0.542811 0.041016 0.077544 -1 -1 -1 -1 -1 -1 -1 -1 -1 -1
0 0.618652 0.428110 0.040039 0.080775 -1 -1 -1 -1 -1 -1 -1 -1 -1 -1
0 0.598633 0.352181 0.027344 0.054927 -1 -1 -1 -1 -1 -1 -1 -1 -1 -1
0 0.639648 0.039580 0.029297 0.069467 -1 -1 -1 -1 -1 -1 -1 -1 -1 -1
0 0.721680 0.042003 0.023438 0.064620 -1 -1 -1 -1 -1 -1 -1 -1 -1 -1
0 0.836426 0.082391 0.020508 0.061389 -1 -1 -1 -1 -1 -1 -1 -1 -1 -1
0 0.901367 0.191438 0.027344 0.059774 -1 -1 -1 -1 -1 -1 -1 -1 -1 -1
0 0.865234 0.325525 0.031250 0.066236 -1 -1 -1 -1 -1 -1 -1 -1 -1 -1
0 0.865234 0.278675 0.023438 0.056543 -1 -1 -1 -1 -1 -1 -1 -1 -1 -1
0 0.684082 0.297254 0.024414 0.048465 -1 -1 -1 -1 -1 -1 -1 -1 -1 -1
0 0.663574 0.385299 0.028320 0.079160 -1 -1 -1 -1 -1 -1 -1 -1 -1 -1
0 0.617676 0.293215 0.020508 0.056543 -1 -1 -1 -1 -1 -1 -1 -1 -1 -1
0 0.572266 0.067044 0.027344 0.069467 -1 -1 -1 -1 -1 -1 -1 -1 -1 -1
0 0.748047 0.361066 0.037109 0.082391 -1 -1 -1 -1 -1 -1 -1 -1 -1 -1
0 0.684082 0.945073 0.071289 0.109855 -1 -1 -1 -1 -1 -1 -1 -1 -1 -1
0 0.587402 0.794830 0.043945 0.096931 -1 -1 -1 -1 -1 -1 -1 -1 -1 -1
0 0.957031 0.944265 0.046875 0.105008 -1 -1 -1 -1 -1 -1 -1 -1 -1 -1
0 0.602539 0.506462 0.035156 0.056543 -1 -1 -1 -1 -1 -1 -1 -1 -1 -1
0 0.481445 0.452342 0.029297 0.071082 -1 -1 -1 -1 -1 -1 -1 -1 -1 -1
0 0.410156 0.482229 0.033203 0.059774 -1 -1 -1 -1 -1 -1 -1 -1 -1 -1
0 0.154785 0.290792 0.047852 0.155089 -1 -1 -1 -1 -1 -1 -1 -1 -1 -1
0 0.319336 0.242326 0.027344 0.084006 -1 -1 -1 -1 -1 -1 -1 -1 -1 -1
0 0.236816 0.145396 0.043945 0.113086 -1 -1 -1 -1 -1 -1 -1 -1 -1 -1
0 0.372559 0.032310 0.024414 0.035541 -1 -1 -1 -1 -1 -1 -1 -1 -1 -1
0 0.309570 0.071082 0.025391 0.058158 -1 -1 -1 -1 -1 -1 -1 -1 -1 -1
0 0.343750 0.049273 0.011719 0.021002 -1 -1 -1 -1 -1 -1 -1 -1 -1 -1
0 0.338379 0.021002 0.012695 0.016155 -1 -1 -1 -1 -1 -1 -1 -1 -1 -1
0 0.770996 0.021002 0.026367 0.042003 -1 -1 -1 -1 -1 -1 -1 -1 -1 -1
0 0.396973 0.116317 0.043945 0.080775 -1 -1 -1 -1 -1 -1 -1 -1 -1 -1
0 0.474609 0.053312 0.031250 0.067851 -1 -1 -1 -1 -1 -1 -1 -1 -1 -1
0 0.513184 0.082391 0.028320 0.064620 -1 -1 -1 -1 -1 -1 -1 -1 -1 -1