0 0.473633 0.192533 0.031250 0.051245 -1 -1 -1 -1 -1 -1 -1 -1 -1 -1
0 0.388672 0.264275 0.029297 0.051245 -1 -1 -1 -1 -1 -1 -1 -1 -1 -1
0 0.465820 0.278917 0.029297 0.054173 -1 -1 -1 -1 -1 -1 -1 -1 -1 -1
0 0.533203 0.260615 0.027344 0.046852 -1 -1 -1 -1 -1 -1 -1 -1 -1 -1
0 0.571289 0.254758 0.033203 0.049780 -1 -1 -1 -1 -1 -1 -1 -1 -1 -1
0 0.618652 0.277452 0.030273 0.051245 -1 -1 -1 -1 -1 -1 -1 -1 -1 -1
0 0.335449 0.348463 0.036133 0.064422 -1 -1 -1 -1 -1 -1 -1 -1 -1 -1
0 0.327148 0.493411 0.039062 0.070278 -1 -1 -1 -1 -1 -1 -1 -1 -1 -1
0 0.524902 0.516837 0.034180 0.067350 -1 -1 -1 -1 -1 -1 -1 -1 -1 -1
0 0.704590 0.363836 0.028320 0.060029 -1 -1 -1 -1 -1 -1 -1 -1 -1 -1
0 0.724121 0.515373 0.038086 0.070278 -1 -1 -1 -1 -1 -1 -1 -1 -1 -1