0 0.263184 0.117188 0.049805 0.075521 -1 -1 -1 -1 -1 -1 -1 -1 -1 -1
0 0.350098 0.076172 0.045898 0.069010 -1 -1 -1 -1 -1 -1 -1 -1 -1 -1
0 0.434570 0.087891 0.050781 0.076823 -1 -1 -1 -1 -1 -1 -1 -1 -1 -1
0 0.510254 0.070964 0.047852 0.071615 -1 -1 -1 -1 -1 -1 -1 -1 -1 -1
0 0.590820 0.085938 0.048828 0.078125 -1 -1 -1 -1 -1 -1 -1 -1 -1 -1
0 0.668945 0.104818 0.052734 0.082031 -1 -1 -1 -1 -1 -1 -1 -1 -1 -1
0 0.493164 0.155599 0.056641 0.089844 -1 -1 -1 -1 -1 -1 -1 -1 -1 -1
0 0.694824 0.217448 0.049805 0.078125 -1 -1 -1 -1 -1 -1 -1 -1 -1 -1
0 0.708984 0.340495 0.056641 0.113281 -1 -1 -1 -1 -1 -1 -1 -1 -1 -1
0 0.507324 0.305339 0.055664 0.089844 -1 -1 -1 -1 -1 -1 -1 -1 -1 -1
0 0.346680 0.269531 0.050781 0.088542 -1 -1 -1 -1 -1 -1 -1 -1 -1 -1
0 0.348633 0.432943 0.050781 0.079427 -1 -1 -1 -1 -1 -1 -1 -1 -1 -1
0 0.166504 0.309245 0.045898 0.079427 -1 -1 -1 -1 -1 -1 -1 -1 -1 -1
0 0.841309 0.286458 0.053711 0.078125 -1 -1 -1 -1 -1 -1 -1 -1 -1 -1
0 0.789551 0.399740 0.051758 0.083333 -1 -1 -1 -1 -1 -1 -1 -1 -1 -1
0 0.260254 0.259766 0.049805 0.076823 -1 -1 -1 -1 -1 -1 -1 -1 -1 -1