0 0.023926 0.271895 0.014648 0.018301 -1 -1 -1 -1 -1 -1 -1 -1 -1 -1
0 0.058105 0.266667 0.020508 0.031373 -1 -1 -1 -1 -1 -1 -1 -1 -1 -1
0 0.141602 0.244444 0.070312 0.112418 -1 -1 -1 -1 -1 -1 -1 -1 -1 -1
0 0.200684 0.271242 0.018555 0.027451 -1 -1 -1 -1 -1 -1 -1 -1 -1 -1
0 0.262695 0.397386 0.058594 0.099346 -1 -1 -1 -1 -1 -1 -1 -1 -1 -1
0 0.380371 0.333333 0.055664 0.099346 -1 -1 -1 -1 -1 -1 -1 -1 -1 -1
0 0.424316 0.173856 0.053711 0.083660 -1 -1 -1 -1 -1 -1 -1 -1 -1 -1
0 0.494141 0.289542 0.056641 0.087582 -1 -1 -1 -1 -1 -1 -1 -1 -1 -1
0 0.860840 0.440523 0.061523 0.086275 -1 -1 -1 -1 -1 -1 -1 -1 -1 -1
0 0.761719 0.377124 0.058594 0.098039 -1 -1 -1 -1 -1 -1 -1 -1 -1 -1
0 0.623047 0.314379 0.056641 0.090196 -1 -1 -1 -1 -1 -1 -1 -1 -1 -1
0 0.583008 0.284314 0.015625 0.032680 -1 -1 -1 -1 -1 -1 -1 -1 -1 -1
0 0.785156 0.277124 0.011719 0.020915 -1 -1 -1 -1 -1 -1 -1 -1 -1 -1
0 0.893555 0.269935 0.023438 0.037908 -1 -1 -1 -1 -1 -1 -1 -1 -1 -1
0 0.937988 0.290850 0.016602 0.027451 -1 -1 -1 -1 -1 -1 -1 -1 -1 -1
0 0.987793 0.292810 0.012695 0.023529 -1 -1 -1 -1 -1 -1 -1 -1 -1 -1
0 0.180664 0.260131 0.009766 0.020915 -1 -1 -1 -1 -1 -1 -1 -1 -1 -1