0 0.862793 0.355378 0.034180 0.059593 -1 -1 -1 -1 -1 -1 -1 -1 -1 -1
0 0.819336 0.402616 0.023438 0.046512 -1 -1 -1 -1 -1 -1 -1 -1 -1 -1
0 0.688965 0.463663 0.018555 0.040698 -1 -1 -1 -1 -1 -1 -1 -1 -1 -1
0 0.596680 0.427326 0.023438 0.046512 -1 -1 -1 -1 -1 -1 -1 -1 -1 -1
0 0.524902 0.293605 0.032227 0.066860 -1 -1 -1 -1 -1 -1 -1 -1 -1 -1
0 0.316406 0.481105 0.019531 0.040698 -1 -1 -1 -1 -1 -1 -1 -1 -1 -1
0 0.404297 0.390262 0.023438 0.056686 -1 -1 -1 -1 -1 -1 -1 -1 -1 -1
0 0.459961 0.413517 0.023438 0.036337 -1 -1 -1 -1 -1 -1 -1 -1 -1 -1
0 0.242676 0.394622 0.022461 0.050872 -1 -1 -1 -1 -1 -1 -1 -1 -1 -1
0 0.190918 0.474564 0.018555 0.036337 -1 -1 -1 -1 -1 -1 -1 -1 -1 -1
0 0.116211 0.416424 0.025391 0.047965 -1 -1 -1 -1 -1 -1 -1 -1 -1 -1
0 0.054199 0.465843 0.020508 0.042151 -1 -1 -1 -1 -1 -1 -1 -1 -1 -1