0 0.942383 0.136164 0.035156 0.081991 -1 -1 -1 -1 -1 -1 -1 -1 -1 -1
0 0.809570 0.157394 0.021484 0.030747 -1 -1 -1 -1 -1 -1 -1 -1 -1 -1
0 0.741699 0.170571 0.012695 0.024890 -1 -1 -1 -1 -1 -1 -1 -1 -1 -1
0 0.694824 0.185944 0.010742 0.017570 -1 -1 -1 -1 -1 -1 -1 -1 -1 -1
0 0.585938 0.178624 0.013672 0.023426 -1 -1 -1 -1 -1 -1 -1 -1 -1 -1
0 0.563965 0.185944 0.016602 0.023426 -1 -1 -1 -1 -1 -1 -1 -1 -1 -1
0 0.532227 0.179356 0.021484 0.033675 -1 -1 -1 -1 -1 -1 -1 -1 -1 -1
0 0.432129 0.194729 0.055664 0.108346 -1 -1 -1 -1 -1 -1 -1 -1 -1 -1
0 0.352539 0.176428 0.031250 0.071742 -1 -1 -1 -1 -1 -1 -1 -1 -1 -1
0 0.375000 0.190337 0.017578 0.035139 -1 -1 -1 -1 -1 -1 -1 -1 -1 -1
0 0.111816 0.228404 0.028320 0.043924 -1 -1 -1 -1 -1 -1 -1 -1 -1 -1