0 0.922363 0.310547 0.024414 0.040365 -1 -1 -1 -1 -1 -1 -1 -1 -1 -1
0 0.821289 0.317708 0.019531 0.031250 -1 -1 -1 -1 -1 -1 -1 -1 -1 -1
0 0.676270 0.204427 0.024414 0.036458 -1 -1 -1 -1 -1 -1 -1 -1 -1 -1
0 0.613770 0.272786 0.022461 0.040365 -1 -1 -1 -1 -1 -1 -1 -1 -1 -1
0 0.544434 0.225911 0.024414 0.037760 -1 -1 -1 -1 -1 -1 -1 -1 -1 -1
0 0.455566 0.219401 0.020508 0.040365 -1 -1 -1 -1 -1 -1 -1 -1 -1 -1
0 0.384277 0.329427 0.022461 0.039062 -1 -1 -1 -1 -1 -1 -1 -1 -1 -1
0 0.336426 0.322917 0.016602 0.054688 -1 -1 -1 -1 -1 -1 -1 -1 -1 -1
0 0.265625 0.296875 0.025391 0.039062 -1 -1 -1 -1 -1 -1 -1 -1 -1 -1
0 0.175293 0.292318 0.018555 0.037760 -1 -1 -1 -1 -1 -1 -1 -1 -1 -1
0 0.043457 0.392578 0.018555 0.037760 -1 -1 -1 -1 -1 -1 -1 -1 -1 -1