0 0.959961 0.178385 0.035156 0.057292 -1 -1 -1 -1 -1 -1 -1 -1 -1 -1
0 0.890137 0.094401 0.038086 0.053385 -1 -1 -1 -1 -1 -1 -1 -1 -1 -1
0 0.857422 0.162760 0.041016 0.067708 -1 -1 -1 -1 -1 -1 -1 -1 -1 -1
0 0.762207 0.277344 0.040039 0.096354 -1 -1 -1 -1 -1 -1 -1 -1 -1 -1
0 0.768066 0.157552 0.036133 0.057292 -1 -1 -1 -1 -1 -1 -1 -1 -1 -1
0 0.708008 0.132812 0.039062 0.065104 -1 -1 -1 -1 -1 -1 -1 -1 -1 -1
0 0.608887 0.163411 0.036133 0.055990 -1 -1 -1 -1 -1 -1 -1 -1 -1 -1
0 0.495605 0.136719 0.043945 0.059896 -1 -1 -1 -1 -1 -1 -1 -1 -1 -1
0 0.352539 0.152344 0.033203 0.049479 -1 -1 -1 -1 -1 -1 -1 -1 -1 -1
0 0.121582 0.052734 0.032227 0.058594 -1 -1 -1 -1 -1 -1 -1 -1 -1 -1
0 0.148438 0.118490 0.046875 0.091146 -1 -1 -1 -1 -1 -1 -1 -1 -1 -1
0 0.243652 0.136719 0.038086 0.062500 -1 -1 -1 -1 -1 -1 -1 -1 -1 -1
0 0.208008 0.089193 0.033203 0.058594 -1 -1 -1 -1 -1 -1 -1 -1 -1 -1
0 0.276367 0.118490 0.033203 0.057292 -1 -1 -1 -1 -1 -1 -1 -1 -1 -1
0 0.348633 0.088542 0.035156 0.052083 -1 -1 -1 -1 -1 -1 -1 -1 -1 -1
0 0.448242 0.076823 0.033203 0.049479 -1 -1 -1 -1 -1 -1 -1 -1 -1 -1
0 0.539062 0.091797 0.042969 0.074219 -1 -1 -1 -1 -1 -1 -1 -1 -1 -1