0 0.995117 0.231120 0.009766 0.045573 -1 -1 -1 -1 -1 -1 -1 -1 -1 -1
0 0.913574 0.216797 0.018555 0.029948 -1 -1 -1 -1 -1 -1 -1 -1 -1 -1
0 0.850586 0.324219 0.025391 0.039062 -1 -1 -1 -1 -1 -1 -1 -1 -1 -1
0 0.850098 0.150391 0.016602 0.024740 -1 -1 -1 -1 -1 -1 -1 -1 -1 -1
0 0.822266 0.145182 0.011719 0.022135 -1 -1 -1 -1 -1 -1 -1 -1 -1 -1
0 0.830078 0.250000 0.009766 0.023438 -1 -1 -1 -1 -1 -1 -1 -1 -1 -1
0 0.810547 0.312500 0.017578 0.036458 -1 -1 -1 -1 -1 -1 -1 -1 -1 -1
0 0.783691 0.329427 0.018555 0.036458 -1 -1 -1 -1 -1 -1 -1 -1 -1 -1
0 0.777832 0.227214 0.010742 0.024740 -1 -1 -1 -1 -1 -1 -1 -1 -1 -1
0 0.717773 0.253255 0.009766 0.019531 -1 -1 -1 -1 -1 -1 -1 -1 -1 -1
0 0.877930 0.307292 0.015625 0.026042 -1 -1 -1 -1 -1 -1 -1 -1 -1 -1
0 0.600586 0.332031 0.019531 0.031250 -1 -1 -1 -1 -1 -1 -1 -1 -1 -1
0 0.554688 0.327474 0.046875 0.055990 -1 -1 -1 -1 -1 -1 -1 -1 -1 -1
0 0.487793 0.208333 0.022461 0.039062 -1 -1 -1 -1 -1 -1 -1 -1 -1 -1
0 0.442383 0.216797 0.023438 0.045573 -1 -1 -1 -1 -1 -1 -1 -1 -1 -1
0 0.390137 0.235026 0.020508 0.040365 -1 -1 -1 -1 -1 -1 -1 -1 -1 -1
0 0.350586 0.231120 0.025391 0.027344 -1 -1 -1 -1 -1 -1 -1 -1 -1 -1
0 0.239258 0.237630 0.019531 0.035156 -1 -1 -1 -1 -1 -1 -1 -1 -1 -1
0 0.166504 0.225911 0.024414 0.035156 -1 -1 -1 -1 -1 -1 -1 -1 -1 -1
0 0.177734 0.188151 0.023438 0.035156 -1 -1 -1 -1 -1 -1 -1 -1 -1 -1
0 0.081055 0.203776 0.021484 0.037760 -1 -1 -1 -1 -1 -1 -1 -1 -1 -1