0 0.193359 0.282486 0.027344 0.070621 -1 -1 -1 -1 -1 -1 -1 -1 -1 -1
0 0.174316 0.099576 0.020508 0.046610 -1 -1 -1 -1 -1 -1 -1 -1 -1 -1
0 0.117676 0.122881 0.022461 0.048023 -1 -1 -1 -1 -1 -1 -1 -1 -1 -1
0 0.049316 0.121469 0.026367 0.042373 -1 -1 -1 -1 -1 -1 -1 -1 -1 -1
0 0.449707 0.108051 0.022461 0.052260 -1 -1 -1 -1 -1 -1 -1 -1 -1 -1
0 0.338379 0.088983 0.030273 0.056497 -1 -1 -1 -1 -1 -1 -1 -1 -1 -1
0 0.264160 0.122881 0.028320 0.039548 -1 -1 -1 -1 -1 -1 -1 -1 -1 -1
0 0.852051 0.117938 0.028320 0.057910 -1 -1 -1 -1 -1 -1 -1 -1 -1 -1
0 0.709473 0.082627 0.028320 0.060734 -1 -1 -1 -1 -1 -1 -1 -1 -1 -1
0 0.686523 0.113701 0.015625 0.024011 -1 -1 -1 -1 -1 -1 -1 -1 -1 -1
0 0.878418 0.104520 0.022461 0.053672 -1 -1 -1 -1 -1 -1 -1 -1 -1 -1
0 0.995117 0.101695 0.009766 0.059322 -1 -1 -1 -1 -1 -1 -1 -1 -1 -1