0 0.462402 0.333455 0.028320 0.021230 -1 -1 -1 -1 -1 -1 -1 -1 -1 -1
0 0.532715 0.337482 0.022461 0.020498 -1 -1 -1 -1 -1 -1 -1 -1 -1 -1
0 0.446289 0.254758 0.023438 0.026354 -1 -1 -1 -1 -1 -1 -1 -1 -1 -1
0 0.357422 0.276354 0.023438 0.028551 -1 -1 -1 -1 -1 -1 -1 -1 -1 -1
0 0.357422 0.338580 0.019531 0.021230 -1 -1 -1 -1 -1 -1 -1 -1 -1 -1
0 0.378906 0.337848 0.019531 0.018302 -1 -1 -1 -1 -1 -1 -1 -1 -1 -1
0 0.306641 0.345168 0.023438 0.022694 -1 -1 -1 -1 -1 -1 -1 -1 -1 -1
0 0.494629 0.429722 0.071289 0.086384 -1 -1 -1 -1 -1 -1 -1 -1 -1 -1
0 0.397461 0.342972 0.017578 0.015373 -1 -1 -1 -1 -1 -1 -1 -1 -1 -1
0 0.196777 0.335652 0.024414 0.024158 -1 -1 -1 -1 -1 -1 -1 -1 -1 -1
0 0.108398 0.347731 0.025391 0.024890 -1 -1 -1 -1 -1 -1 -1 -1 -1 -1
0 0.008789 0.301245 0.013672 0.013909 -1 -1 -1 -1 -1 -1 -1 -1 -1 -1