0 0.125977 0.689755 0.017578 0.040404 -1 -1 -1 -1 -1 -1 -1 -1 -1 -1
0 0.102539 0.613276 0.013672 0.031746 -1 -1 -1 -1 -1 -1 -1 -1 -1 -1
0 0.205566 0.490620 0.008789 0.023088 -1 -1 -1 -1 -1 -1 -1 -1 -1 -1
0 0.214355 0.476190 0.012695 0.028860 -1 -1 -1 -1 -1 -1 -1 -1 -1 -1
0 0.250000 0.420635 0.011719 0.018759 -1 -1 -1 -1 -1 -1 -1 -1 -1 -1
0 0.416016 0.553391 0.009766 0.024531 -1 -1 -1 -1 -1 -1 -1 -1 -1 -1
0 0.396973 0.734488 0.016602 0.040404 -1 -1 -1 -1 -1 -1 -1 -1 -1 -1
0 0.584473 0.871573 0.026367 0.034632 -1 -1 -1 -1 -1 -1 -1 -1 -1 -1
0 0.559570 0.784271 0.019531 0.038961 -1 -1 -1 -1 -1 -1 -1 -1 -1 -1
0 0.604492 0.309524 0.009766 0.018759 -1 -1 -1 -1 -1 -1 -1 -1 -1 -1
0 0.680176 0.382395 0.014648 0.023088 -1 -1 -1 -1 -1 -1 -1 -1 -1 -1
0 0.628418 0.279942 0.006836 0.014430 -1 -1 -1 -1 -1 -1 -1 -1 -1 -1
0 0.621094 0.277056 0.005859 0.020202 -1 -1 -1 -1 -1 -1 -1 -1 -1 -1
0 0.072266 0.745310 0.015625 0.038961 -1 -1 -1 -1 -1 -1 -1 -1 -1 -1
0 0.434570 0.422799 0.009766 0.020202 -1 -1 -1 -1 -1 -1 -1 -1 -1 -1
0 0.242188 0.446609 0.005859 0.012987 -1 -1 -1 -1 -1 -1 -1 -1 -1 -1
0 0.229980 0.444444 0.012695 0.020202 -1 -1 -1 -1 -1 -1 -1 -1 -1 -1
0 0.385254 0.686869 0.018555 0.034632 -1 -1 -1 -1 -1 -1 -1 -1 -1 -1
0 0.454102 0.580087 0.015625 0.034632 -1 -1 -1 -1 -1 -1 -1 -1 -1 -1
0 0.460938 0.497114 0.009766 0.030303 -1 -1 -1 -1 -1 -1 -1 -1 -1 -1
0 0.199219 0.716450 0.021484 0.033189 -1 -1 -1 -1 -1 -1 -1 -1 -1 -1