0 0.793457 0.222168 0.079102 0.086914 -1 -1 -1 -1 -1 -1 -1 -1 -1 -1
0 0.756836 0.109375 0.062500 0.085938 -1 -1 -1 -1 -1 -1 -1 -1 -1 -1
0 0.887207 0.570801 0.047852 0.053711 -1 -1 -1 -1 -1 -1 -1 -1 -1 -1
0 0.686523 0.592773 0.039062 0.060547 -1 -1 -1 -1 -1 -1 -1 -1 -1 -1
0 0.518555 0.199219 0.037109 0.041016 -1 -1 -1 -1 -1 -1 -1 -1 -1 -1
0 0.502930 0.136230 0.039062 0.049805 -1 -1 -1 -1 -1 -1 -1 -1 -1 -1
0 0.451660 0.154297 0.040039 0.054688 -1 -1 -1 -1 -1 -1 -1 -1 -1 -1
0 0.365234 0.108398 0.072266 0.089844 -1 -1 -1 -1 -1 -1 -1 -1 -1 -1
0 0.536621 0.031250 0.028320 0.035156 -1 -1 -1 -1 -1 -1 -1 -1 -1 -1
0 0.202148 0.200195 0.039062 0.046875 -1 -1 -1 -1 -1 -1 -1 -1 -1 -1
0 0.165039 0.171875 0.035156 0.042969 -1 -1 -1 -1 -1 -1 -1 -1 -1 -1
0 0.126465 0.165039 0.038086 0.044922 -1 -1 -1 -1 -1 -1 -1 -1 -1 -1
0 0.084961 0.151855 0.035156 0.043945 -1 -1 -1 -1 -1 -1 -1 -1 -1 -1
0 0.094238 0.213867 0.036133 0.041016 -1 -1 -1 -1 -1 -1 -1 -1 -1 -1
0 0.137207 0.392090 0.036133 0.047852 -1 -1 -1 -1 -1 -1 -1 -1 -1 -1
0 0.029785 0.376465 0.040039 0.053711 -1 -1 -1 -1 -1 -1 -1 -1 -1 -1
0 0.042480 0.172852 0.036133 0.044922 -1 -1 -1 -1 -1 -1 -1 -1 -1 -1
0 0.010254 0.177246 0.020508 0.041992 -1 -1 -1 -1 -1 -1 -1 -1 -1 -1
0 0.737793 0.644531 0.026367 0.037109 -1 -1 -1 -1 -1 -1 -1 -1 -1 -1
0 0.805664 0.663086 0.011719 0.017578 -1 -1 -1 -1 -1 -1 -1 -1 -1 -1
0 0.794434 0.635742 0.012695 0.015625 -1 -1 -1 -1 -1 -1 -1 -1 -1 -1
0 0.844238 0.617188 0.012695 0.017578 -1 -1 -1 -1 -1 -1 -1 -1 -1 -1
0 0.761719 0.630371 0.011719 0.016602 -1 -1 -1 -1 -1 -1 -1 -1 -1 -1
0 0.554199 0.181641 0.034180 0.050781 -1 -1 -1 -1 -1 -1 -1 -1 -1 -1
0 0.464844 0.348145 0.039062 0.057617 -1 -1 -1 -1 -1 -1 -1 -1 -1 -1
0 0.978516 0.614746 0.015625 0.020508 -1 -1 -1 -1 -1 -1 -1 -1 -1 -1
0 0.238281 0.407227 0.035156 0.046875 -1 -1 -1 -1 -1 -1 -1 -1 -1 -1
0 0.706543 0.634766 0.032227 0.039062 -1 -1 -1 -1 -1 -1 -1 -1 -1 -1