0 0.444336 0.464129 0.019531 0.046852 -1 -1 -1 -1 -1 -1 -1 -1 -1 -1
0 0.368652 0.448755 0.016602 0.033675 -1 -1 -1 -1 -1 -1 -1 -1 -1 -1
0 0.080078 0.393851 0.021484 0.043924 -1 -1 -1 -1 -1 -1 -1 -1 -1 -1
0 0.226562 0.440703 0.013672 0.026354 -1 -1 -1 -1 -1 -1 -1 -1 -1 -1
0 0.542480 0.460469 0.016602 0.039531 -1 -1 -1 -1 -1 -1 -1 -1 -1 -1
0 0.668457 0.448023 0.022461 0.049780 -1 -1 -1 -1 -1 -1 -1 -1 -1 -1
0 0.816895 0.441435 0.024414 0.048316 -1 -1 -1 -1 -1 -1 -1 -1 -1 -1
0 0.914062 0.484627 0.017578 0.032211 -1 -1 -1 -1 -1 -1 -1 -1 -1 -1
0 0.934082 0.483163 0.014648 0.029283 -1 -1 -1 -1 -1 -1 -1 -1 -1 -1
0 0.271973 0.459736 0.014648 0.020498 -1 -1 -1 -1 -1 -1 -1 -1 -1 -1
0 0.294434 0.475110 0.008789 0.019034 -1 -1 -1 -1 -1 -1 -1 -1 -1 -1
0 0.182617 0.473646 0.009766 0.021962 -1 -1 -1 -1 -1 -1 -1 -1 -1 -1