0 0.566406 0.568670 0.080078 0.155937 -1 -1 -1 -1 -1 -1 -1 -1 -1 -1
0 0.484863 0.424177 0.075195 0.138770 -1 -1 -1 -1 -1 -1 -1 -1 -1 -1
0 0.632324 0.473534 0.063477 0.123033 -1 -1 -1 -1 -1 -1 -1 -1 -1 -1
0 0.358398 0.512160 0.085938 0.143062 -1 -1 -1 -1 -1 -1 -1 -1 -1 -1
0 0.201172 0.314020 0.041016 0.078684 -1 -1 -1 -1 -1 -1 -1 -1 -1 -1
0 0.822754 0.399142 0.026367 0.048641 -1 -1 -1 -1 -1 -1 -1 -1 -1 -1
0 0.295410 0.281831 0.028320 0.051502 -1 -1 -1 -1 -1 -1 -1 -1 -1 -1
0 0.022949 0.306152 0.043945 0.105866 -1 -1 -1 -1 -1 -1 -1 -1 -1 -1
0 0.159668 0.354793 0.026367 0.057225 -1 -1 -1 -1 -1 -1 -1 -1 -1 -1
0 0.921387 0.269671 0.012695 0.024320 -1 -1 -1 -1 -1 -1 -1 -1 -1 -1
0 0.918945 0.481402 0.015625 0.024320 -1 -1 -1 -1 -1 -1 -1 -1 -1 -1