0 0.300781 0.235026 0.070312 0.121094 -1 -1 -1 -1 -1 -1 -1 -1 -1 -1
0 0.528809 0.419271 0.073242 0.114583 -1 -1 -1 -1 -1 -1 -1 -1 -1 -1
0 0.148438 0.077474 0.095703 0.147135 -1 -1 -1 -1 -1 -1 -1 -1 -1 -1
0 0.127441 0.326172 0.083008 0.123698 -1 -1 -1 -1 -1 -1 -1 -1 -1 -1
0 0.091797 0.505208 0.076172 0.132812 -1 -1 -1 -1 -1 -1 -1 -1 -1 -1
0 0.224121 0.570964 0.086914 0.115885 -1 -1 -1 -1 -1 -1 -1 -1 -1 -1
0 0.274414 0.498047 0.082031 0.123698 -1 -1 -1 -1 -1 -1 -1 -1 -1 -1
0 0.399902 0.492188 0.079102 0.111979 -1 -1 -1 -1 -1 -1 -1 -1 -1 -1
0 0.642090 0.324870 0.094727 0.110677 -1 -1 -1 -1 -1 -1 -1 -1 -1 -1
0 0.768066 0.401693 0.079102 0.134115 -1 -1 -1 -1 -1 -1 -1 -1 -1 -1
0 0.884766 0.485026 0.066406 0.131510 -1 -1 -1 -1 -1 -1 -1 -1 -1 -1
0 0.932617 0.505208 0.089844 0.122396 -1 -1 -1 -1 -1 -1 -1 -1 -1 -1
0 0.961914 0.263021 0.076172 0.127604 -1 -1 -1 -1 -1 -1 -1 -1 -1 -1