0 0.015137 0.229818 0.030273 0.084635 -1 -1 -1 -1 -1 -1 -1 -1 -1 -1
0 0.294922 0.320312 0.074219 0.111979 -1 -1 -1 -1 -1 -1 -1 -1 -1 -1
0 0.408691 0.283203 0.045898 0.092448 -1 -1 -1 -1 -1 -1 -1 -1 -1 -1
0 0.474609 0.426432 0.041016 0.082031 -1 -1 -1 -1 -1 -1 -1 -1 -1 -1
0 0.911621 0.270182 0.086914 0.128906 -1 -1 -1 -1 -1 -1 -1 -1 -1 -1
0 0.781250 0.300781 0.064453 0.114583 -1 -1 -1 -1 -1 -1 -1 -1 -1 -1
0 0.646484 0.263021 0.054688 0.093750 -1 -1 -1 -1 -1 -1 -1 -1 -1 -1
0 0.565430 0.388021 0.058594 0.093750 -1 -1 -1 -1 -1 -1 -1 -1 -1 -1
0 0.616211 0.260417 0.037109 0.078125 -1 -1 -1 -1 -1 -1 -1 -1 -1 -1
0 0.585938 0.264323 0.035156 0.072917 -1 -1 -1 -1 -1 -1 -1 -1 -1 -1
0 0.520020 0.316406 0.043945 0.070312 -1 -1 -1 -1 -1 -1 -1 -1 -1 -1
0 0.479492 0.281901 0.044922 0.076823 -1 -1 -1 -1 -1 -1 -1 -1 -1 -1
0 0.334961 0.323568 0.054688 0.079427 -1 -1 -1 -1 -1 -1 -1 -1 -1 -1
0 0.431152 0.282552 0.018555 0.070312 -1 -1 -1 -1 -1 -1 -1 -1 -1 -1
0 0.451660 0.276042 0.028320 0.062500 -1 -1 -1 -1 -1 -1 -1 -1 -1 -1