0 0.384766 0.274781 0.027344 0.071429 -1 -1 -1 -1 -1 -1 -1 -1 -1 -1
0 0.473633 0.287172 0.031250 0.075802 -1 -1 -1 -1 -1 -1 -1 -1 -1 -1
0 0.555176 0.291545 0.032227 0.078717 -1 -1 -1 -1 -1 -1 -1 -1 -1 -1
0 0.586914 0.346210 0.041016 0.086006 -1 -1 -1 -1 -1 -1 -1 -1 -1 -1
0 0.737305 0.457726 0.052734 0.107872 -1 -1 -1 -1 -1 -1 -1 -1 -1 -1
0 0.622559 0.481778 0.061523 0.138484 -1 -1 -1 -1 -1 -1 -1 -1 -1 -1
0 0.702637 0.377551 0.036133 0.081633 -1 -1 -1 -1 -1 -1 -1 -1 -1 -1
0 0.744629 0.268950 0.032227 0.062682 -1 -1 -1 -1 -1 -1 -1 -1 -1 -1
0 0.727051 0.276968 0.024414 0.072886 -1 -1 -1 -1 -1 -1 -1 -1 -1 -1
0 0.782227 0.326531 0.033203 0.072886 -1 -1 -1 -1 -1 -1 -1 -1 -1 -1
0 0.830078 0.400146 0.078125 0.118076 -1 -1 -1 -1 -1 -1 -1 -1 -1 -1
0 0.912598 0.189504 0.032227 0.069971 -1 -1 -1 -1 -1 -1 -1 -1 -1 -1
0 0.842285 0.196064 0.036133 0.083090 -1 -1 -1 -1 -1 -1 -1 -1 -1 -1
0 0.882812 0.733236 0.115234 0.233236 -1 -1 -1 -1 -1 -1 -1 -1 -1 -1
0 0.949707 0.758017 0.100586 0.326531 -1 -1 -1 -1 -1 -1 -1 -1 -1 -1
0 0.498047 0.834548 0.105469 0.275510 -1 -1 -1 -1 -1 -1 -1 -1 -1 -1
0 0.374023 0.587464 0.058594 0.067055 -1 -1 -1 -1 -1 -1 -1 -1 -1 -1
0 0.652832 0.328717 0.036133 0.056851 -1 -1 -1 -1 -1 -1 -1 -1 -1 -1
0 0.962891 0.396501 0.033203 0.067055 -1 -1 -1 -1 -1 -1 -1 -1 -1 -1