0 0.055176 0.323572 0.041992 0.081991 -1 -1 -1 -1 -1 -1 -1 -1 -1 -1
0 0.102051 0.370425 0.043945 0.087848 -1 -1 -1 -1 -1 -1 -1 -1 -1 -1
0 0.184082 0.401171 0.045898 0.090776 -1 -1 -1 -1 -1 -1 -1 -1 -1 -1
0 0.249023 0.347731 0.041016 0.083455 -1 -1 -1 -1 -1 -1 -1 -1 -1 -1
0 0.332520 0.365300 0.043945 0.089312 -1 -1 -1 -1 -1 -1 -1 -1 -1 -1
0 0.394531 0.316252 0.044922 0.084919 -1 -1 -1 -1 -1 -1 -1 -1 -1 -1
0 0.488281 0.379941 0.041016 0.089312 -1 -1 -1 -1 -1 -1 -1 -1 -1 -1
0 0.598633 0.339678 0.048828 0.093704 -1 -1 -1 -1 -1 -1 -1 -1 -1 -1
0 0.693359 0.335286 0.039062 0.084919 -1 -1 -1 -1 -1 -1 -1 -1 -1 -1
0 0.755859 0.363836 0.046875 0.098097 -1 -1 -1 -1 -1 -1 -1 -1 -1 -1
0 0.848145 0.367496 0.051758 0.105417 -1 -1 -1 -1 -1 -1 -1 -1 -1 -1