0 0.755371 0.218303 0.110352 0.154397 -1 -1 -1 -1 -1 -1 -1 -1 -1 -1
0 0.253906 0.111452 0.066406 0.089980 -1 -1 -1 -1 -1 -1 -1 -1 -1 -1
0 0.417480 0.126278 0.028320 0.039877 -1 -1 -1 -1 -1 -1 -1 -1 -1 -1
0 0.479980 0.131391 0.020508 0.025562 -1 -1 -1 -1 -1 -1 -1 -1 -1 -1
0 0.450195 0.131391 0.013672 0.021472 -1 -1 -1 -1 -1 -1 -1 -1 -1 -1
0 0.199707 0.121677 0.010742 0.016360 -1 -1 -1 -1 -1 -1 -1 -1 -1 -1
0 0.099121 0.115031 0.008789 0.013292 -1 -1 -1 -1 -1 -1 -1 -1 -1 -1
0 0.077148 0.121166 0.007812 0.011247 -1 -1 -1 -1 -1 -1 -1 -1 -1 -1
0 0.374512 0.124744 0.018555 0.026585 -1 -1 -1 -1 -1 -1 -1 -1 -1 -1
0 0.944336 0.282209 0.039062 0.057260 -1 -1 -1 -1 -1 -1 -1 -1 -1 -1
0 0.290527 0.119632 0.022461 0.034765 -1 -1 -1 -1 -1 -1 -1 -1 -1 -1
0 0.312012 0.123722 0.008789 0.018405 -1 -1 -1 -1 -1 -1 -1 -1 -1 -1
0 0.321289 0.154908 0.015625 0.019427 -1 -1 -1 -1 -1 -1 -1 -1 -1 -1