0 0.922852 0.315108 0.052734 0.089209 -1 -1 -1 -1 -1 -1 -1 -1 -1 -1
0 0.860840 0.256115 0.045898 0.089209 -1 -1 -1 -1 -1 -1 -1 -1 -1 -1
0 0.791504 0.147482 0.049805 0.102158 -1 -1 -1 -1 -1 -1 -1 -1 -1 -1
0 0.661621 0.067626 0.051758 0.097842 -1 -1 -1 -1 -1 -1 -1 -1 -1 -1
0 0.526855 0.274101 0.047852 0.096403 -1 -1 -1 -1 -1 -1 -1 -1 -1 -1
0 0.453125 0.182734 0.054688 0.094964 -1 -1 -1 -1 -1 -1 -1 -1 -1 -1
0 0.371094 0.162590 0.054688 0.094964 -1 -1 -1 -1 -1 -1 -1 -1 -1 -1
0 0.315918 0.100000 0.041992 0.099281 -1 -1 -1 -1 -1 -1 -1 -1 -1 -1
0 0.311523 0.044604 0.044922 0.083453 -1 -1 -1 -1 -1 -1 -1 -1 -1 -1
0 0.100586 0.336691 0.046875 0.092086 -1 -1 -1 -1 -1 -1 -1 -1 -1 -1
0 0.033203 0.266906 0.048828 0.099281 -1 -1 -1 -1 -1 -1 -1 -1 -1 -1
0 0.041016 0.038849 0.052734 0.077698 -1 -1 -1 -1 -1 -1 -1 -1 -1 -1
0 0.768555 0.043885 0.044922 0.087770 -1 -1 -1 -1 -1 -1 -1 -1 -1 -1