0 0.881348 0.109726 0.051758 0.092269 -1 -1 -1 -1 -1 -1 -1 -1 -1 -1
0 0.667480 0.113466 0.061523 0.102244 -1 -1 -1 -1 -1 -1 -1 -1 -1 -1
0 0.395996 0.114713 0.063477 0.099751 -1 -1 -1 -1 -1 -1 -1 -1 -1 -1
0 0.527344 0.185786 0.037109 0.057357 -1 -1 -1 -1 -1 -1 -1 -1 -1 -1
0 0.292480 0.179551 0.036133 0.057357 -1 -1 -1 -1 -1 -1 -1 -1 -1 -1
0 0.160645 0.117207 0.059570 0.099751 -1 -1 -1 -1 -1 -1 -1 -1 -1 -1
0 0.235840 0.185786 0.024414 0.039900 -1 -1 -1 -1 -1 -1 -1 -1 -1 -1
0 0.352539 0.191397 0.015625 0.031172 -1 -1 -1 -1 -1 -1 -1 -1 -1 -1
0 0.334961 0.190773 0.015625 0.027431 -1 -1 -1 -1 -1 -1 -1 -1 -1 -1
0 0.791992 0.201372 0.009766 0.016209 -1 -1 -1 -1 -1 -1 -1 -1 -1 -1
0 0.979004 0.224439 0.006836 0.014963 -1 -1 -1 -1 -1 -1 -1 -1 -1 -1
0 0.991699 0.220698 0.006836 0.012469 -1 -1 -1 -1 -1 -1 -1 -1 -1 -1
0 0.963379 0.226309 0.008789 0.013716 -1 -1 -1 -1 -1 -1 -1 -1 -1 -1
0 0.557617 0.142145 0.015625 0.027431 -1 -1 -1 -1 -1 -1 -1 -1 -1 -1