0 0.378418 0.264080 0.174805 0.275344 -1 -1 -1 -1 -1 -1 -1 -1 -1 -1
0 0.838379 0.570713 0.049805 0.077597 -1 -1 -1 -1 -1 -1 -1 -1 -1 -1
0 0.795410 0.700876 0.043945 0.062578 -1 -1 -1 -1 -1 -1 -1 -1 -1 -1
0 0.793457 0.748436 0.049805 0.075094 -1 -1 -1 -1 -1 -1 -1 -1 -1 -1
0 0.624512 0.650814 0.047852 0.067584 -1 -1 -1 -1 -1 -1 -1 -1 -1 -1
0 0.957031 0.856070 0.048828 0.082603 -1 -1 -1 -1 -1 -1 -1 -1 -1 -1
0 0.690430 0.042553 0.031250 0.052566 -1 -1 -1 -1 -1 -1 -1 -1 -1 -1
0 0.864746 0.059449 0.028320 0.048811 -1 -1 -1 -1 -1 -1 -1 -1 -1 -1
0 0.588379 0.246558 0.040039 0.065081 -1 -1 -1 -1 -1 -1 -1 -1 -1 -1
0 0.813965 0.956821 0.045898 0.073842 -1 -1 -1 -1 -1 -1 -1 -1 -1 -1
0 0.982910 0.688986 0.034180 0.083855 -1 -1 -1 -1 -1 -1 -1 -1 -1 -1