0 0.010254 0.373264 0.020508 0.069444 -1 -1 -1 -1 -1 -1 -1 -1 -1 -1
0 0.005859 0.423611 0.011719 0.072917 -1 -1 -1 -1 -1 -1 -1 -1 -1 -1
0 0.249023 0.253472 0.042969 0.100694 -1 -1 -1 -1 -1 -1 -1 -1 -1 -1
0 0.375977 0.261285 0.029297 0.078125 -1 -1 -1 -1 -1 -1 -1 -1 -1 -1
0 0.569336 0.135417 0.011719 0.027778 -1 -1 -1 -1 -1 -1 -1 -1 -1 -1
0 0.515625 0.130208 0.009766 0.024306 -1 -1 -1 -1 -1 -1 -1 -1 -1 -1
0 0.629883 0.421007 0.054688 0.164931 -1 -1 -1 -1 -1 -1 -1 -1 -1 -1
0 0.925293 0.146701 0.022461 0.043403 -1 -1 -1 -1 -1 -1 -1 -1 -1 -1
0 0.909668 0.112847 0.008789 0.020833 -1 -1 -1 -1 -1 -1 -1 -1 -1 -1
0 0.805664 0.118924 0.011719 0.032986 -1 -1 -1 -1 -1 -1 -1 -1 -1 -1
0 0.868652 0.100694 0.010742 0.024306 -1 -1 -1 -1 -1 -1 -1 -1 -1 -1
0 0.967773 0.338542 0.048828 0.125000 -1 -1 -1 -1 -1 -1 -1 -1 -1 -1