0 0.148438 0.557129 0.035156 0.053711 -1 -1 -1 -1 -1 -1 -1 -1 -1 -1
0 0.452637 0.650879 0.061523 0.071289 -1 -1 -1 -1 -1 -1 -1 -1 -1 -1
0 0.799316 0.500488 0.061523 0.071289 -1 -1 -1 -1 -1 -1 -1 -1 -1 -1
0 0.958496 0.511719 0.067383 0.072266 -1 -1 -1 -1 -1 -1 -1 -1 -1 -1
0 0.919922 0.449707 0.041016 0.051758 -1 -1 -1 -1 -1 -1 -1 -1 -1 -1
0 0.702637 0.467773 0.045898 0.046875 -1 -1 -1 -1 -1 -1 -1 -1 -1 -1
0 0.410645 0.575195 0.043945 0.056641 -1 -1 -1 -1 -1 -1 -1 -1 -1 -1
0 0.367188 0.794922 0.080078 0.111328 -1 -1 -1 -1 -1 -1 -1 -1 -1 -1
0 0.832031 0.672363 0.062500 0.096680 -1 -1 -1 -1 -1 -1 -1 -1 -1 -1
0 0.104980 0.678711 0.049805 0.062500 -1 -1 -1 -1 -1 -1 -1 -1 -1 -1
0 0.732422 0.895996 0.123047 0.180664 -1 -1 -1 -1 -1 -1 -1 -1 -1 -1