0 0.296875 0.537333 0.013672 0.021333 -1 -1 -1 -1 -1 -1 -1 -1 -1 -1
0 0.335449 0.454000 0.012695 0.025333 -1 -1 -1 -1 -1 -1 -1 -1 -1 -1
0 0.350586 0.458667 0.011719 0.026667 -1 -1 -1 -1 -1 -1 -1 -1 -1 -1
0 0.436035 0.467333 0.010742 0.028000 -1 -1 -1 -1 -1 -1 -1 -1 -1 -1
0 0.597168 0.568667 0.010742 0.022667 -1 -1 -1 -1 -1 -1 -1 -1 -1 -1
0 0.648926 0.442000 0.018555 0.028000 -1 -1 -1 -1 -1 -1 -1 -1 -1 -1
0 0.699219 0.462667 0.023438 0.034667 -1 -1 -1 -1 -1 -1 -1 -1 -1 -1
0 0.805664 0.475333 0.013672 0.017333 -1 -1 -1 -1 -1 -1 -1 -1 -1 -1
0 0.947266 0.592000 0.023438 0.029333 -1 -1 -1 -1 -1 -1 -1 -1 -1 -1
0 0.863770 0.392667 0.012695 0.038667 -1 -1 -1 -1 -1 -1 -1 -1 -1 -1
0 0.403809 0.532000 0.010742 0.018667 -1 -1 -1 -1 -1 -1 -1 -1 -1 -1
0 0.477539 0.576667 0.009766 0.014667 -1 -1 -1 -1 -1 -1 -1 -1 -1 -1
0 0.797852 0.542000 0.009766 0.017333 -1 -1 -1 -1 -1 -1 -1 -1 -1 -1