0 0.735352 0.785156 0.031250 0.052083 -1 -1 -1 -1 -1 -1 -1 -1 -1 -1
0 0.780273 0.773438 0.037109 0.049479 -1 -1 -1 -1 -1 -1 -1 -1 -1 -1
0 0.816895 0.735677 0.041992 0.085938 -1 -1 -1 -1 -1 -1 -1 -1 -1 -1
0 0.915527 0.706380 0.024414 0.050781 -1 -1 -1 -1 -1 -1 -1 -1 -1 -1
0 0.532715 0.295573 0.032227 0.039062 -1 -1 -1 -1 -1 -1 -1 -1 -1 -1
0 0.676758 0.283854 0.025391 0.044271 -1 -1 -1 -1 -1 -1 -1 -1 -1 -1
0 0.498047 0.388672 0.017578 0.032552 -1 -1 -1 -1 -1 -1 -1 -1 -1 -1
0 0.520020 0.376953 0.024414 0.040365 -1 -1 -1 -1 -1 -1 -1 -1 -1 -1
0 0.341309 0.413411 0.018555 0.037760 -1 -1 -1 -1 -1 -1 -1 -1 -1 -1
0 0.437500 0.448568 0.017578 0.040365 -1 -1 -1 -1 -1 -1 -1 -1 -1 -1
0 0.447266 0.377604 0.015625 0.028646 -1 -1 -1 -1 -1 -1 -1 -1 -1 -1
0 0.748535 0.397786 0.016602 0.029948 -1 -1 -1 -1 -1 -1 -1 -1 -1 -1
0 0.808594 0.367839 0.013672 0.022135 -1 -1 -1 -1 -1 -1 -1 -1 -1 -1
0 0.352539 0.391276 0.015625 0.027344 -1 -1 -1 -1 -1 -1 -1 -1 -1 -1