0 0.107422 0.497738 0.044922 0.253394 -1 -1 -1 -1 -1 -1 -1 -1 -1 -1
0 0.011230 0.414027 0.022461 0.167421 -1 -1 -1 -1 -1 -1 -1 -1 -1 -1
0 0.171875 0.355204 0.021484 0.158371 -1 -1 -1 -1 -1 -1 -1 -1 -1 -1
0 0.217773 0.411765 0.017578 0.108597 -1 -1 -1 -1 -1 -1 -1 -1 -1 -1
0 0.260742 0.386878 0.017578 0.104072 -1 -1 -1 -1 -1 -1 -1 -1 -1 -1
0 0.318848 0.527149 0.026367 0.176471 -1 -1 -1 -1 -1 -1 -1 -1 -1 -1
0 0.296875 0.309955 0.013672 0.095023 -1 -1 -1 -1 -1 -1 -1 -1 -1 -1
0 0.142578 0.285068 0.013672 0.081448 -1 -1 -1 -1 -1 -1 -1 -1 -1 -1
0 0.192383 0.278281 0.009766 0.076923 -1 -1 -1 -1 -1 -1 -1 -1 -1 -1
0 0.200684 0.192308 0.012695 0.076923 -1 -1 -1 -1 -1 -1 -1 -1 -1 -1
0 0.240723 0.300905 0.012695 0.067873 -1 -1 -1 -1 -1 -1 -1 -1 -1 -1
0 0.255371 0.223982 0.012695 0.076923 -1 -1 -1 -1 -1 -1 -1 -1 -1 -1
0 0.269043 0.212670 0.008789 0.063348 -1 -1 -1 -1 -1 -1 -1 -1 -1 -1
0 0.313965 0.260181 0.012695 0.095023 -1 -1 -1 -1 -1 -1 -1 -1 -1 -1
0 0.249023 0.886878 0.056641 0.226244 -1 -1 -1 -1 -1 -1 -1 -1 -1 -1
0 0.383301 0.622172 0.032227 0.194570 -1 -1 -1 -1 -1 -1 -1 -1 -1 -1
0 0.442871 0.538462 0.026367 0.162896 -1 -1 -1 -1 -1 -1 -1 -1 -1 -1
0 0.395020 0.194570 0.012695 0.063348 -1 -1 -1 -1 -1 -1 -1 -1 -1 -1
0 0.429688 0.233032 0.011719 0.076923 -1 -1 -1 -1 -1 -1 -1 -1 -1 -1
0 0.403320 0.314480 0.017578 0.104072 -1 -1 -1 -1 -1 -1 -1 -1 -1 -1
0 0.459473 0.294118 0.016602 0.099548 -1 -1 -1 -1 -1 -1 -1 -1 -1 -1
0 0.469727 0.373303 0.013672 0.095023 -1 -1 -1 -1 -1 -1 -1 -1 -1 -1
0 0.476074 0.280543 0.016602 0.099548 -1 -1 -1 -1 -1 -1 -1 -1 -1 -1
0 0.500977 0.522624 0.031250 0.176471 -1 -1 -1 -1 -1 -1 -1 -1 -1 -1
0 0.555664 0.816742 0.048828 0.285068 -1 -1 -1 -1 -1 -1 -1 -1 -1 -1
0 0.593262 0.393665 0.016602 0.117647 -1 -1 -1 -1 -1 -1 -1 -1 -1 -1
0 0.566895 0.339367 0.012695 0.081448 -1 -1 -1 -1 -1 -1 -1 -1 -1 -1
0 0.604492 0.382353 0.017578 0.113122 -1 -1 -1 -1 -1 -1 -1 -1 -1 -1
0 0.672852 0.319005 0.015625 0.104072 -1 -1 -1 -1 -1 -1 -1 -1 -1 -1
0 0.781738 0.332579 0.024414 0.131222 -1 -1 -1 -1 -1 -1 -1 -1 -1 -1
0 0.731445 0.633484 0.058594 0.361991 -1 -1 -1 -1 -1 -1 -1 -1 -1 -1
0 0.814453 0.495475 0.011719 0.113122 -1 -1 -1 -1 -1 -1 -1 -1 -1 -1
0 0.845703 0.522624 0.013672 0.113122 -1 -1 -1 -1 -1 -1 -1 -1 -1 -1
0 0.866211 0.334842 0.011719 0.135747 -1 -1 -1 -1 -1 -1 -1 -1 -1 -1
0 0.645508 0.278281 0.017578 0.095023 -1 -1 -1 -1 -1 -1 -1 -1 -1 -1