0 0.077148 0.871345 0.011719 0.017544 -1 -1 -1 -1 -1 -1 -1 -1 -1 -1
0 0.266113 0.480994 0.041992 0.081871 -1 -1 -1 -1 -1 -1 -1 -1 -1 -1
0 0.376465 0.491228 0.040039 0.076023 -1 -1 -1 -1 -1 -1 -1 -1 -1 -1
0 0.504883 0.423246 0.050781 0.086257 -1 -1 -1 -1 -1 -1 -1 -1 -1 -1
0 0.625488 0.592105 0.038086 0.073099 -1 -1 -1 -1 -1 -1 -1 -1 -1 -1
0 0.743164 0.604532 0.041016 0.071637 -1 -1 -1 -1 -1 -1 -1 -1 -1 -1
0 0.319824 0.970029 0.041992 0.057018 -1 -1 -1 -1 -1 -1 -1 -1 -1 -1
0 0.572266 0.944444 0.015625 0.026316 -1 -1 -1 -1 -1 -1 -1 -1 -1 -1
0 0.962891 0.875731 0.011719 0.023392 -1 -1 -1 -1 -1 -1 -1 -1 -1 -1
0 0.952148 0.684211 0.005859 0.011696 -1 -1 -1 -1 -1 -1 -1 -1 -1 -1
0 0.855469 0.922515 0.009766 0.014620 -1 -1 -1 -1 -1 -1 -1 -1 -1 -1
0 0.811035 0.942982 0.016602 0.020468 -1 -1 -1 -1 -1 -1 -1 -1 -1 -1