0 0.313965 0.631994 0.043945 0.119082 -1 -1 -1 -1 -1 -1 -1 -1 -1 -1
0 0.712402 0.963415 0.030273 0.053085 -1 -1 -1 -1 -1 -1 -1 -1 -1 -1
0 0.780762 0.944046 0.028320 0.054519 -1 -1 -1 -1 -1 -1 -1 -1 -1 -1
0 0.812012 0.903156 0.024414 0.050215 -1 -1 -1 -1 -1 -1 -1 -1 -1 -1
0 0.702637 0.829986 0.026367 0.047346 -1 -1 -1 -1 -1 -1 -1 -1 -1 -1
0 0.964355 0.893831 0.028320 0.060258 -1 -1 -1 -1 -1 -1 -1 -1 -1 -1
0 0.830566 0.964132 0.028320 0.057389 -1 -1 -1 -1 -1 -1 -1 -1 -1 -1
0 0.879395 0.920373 0.026367 0.053085 -1 -1 -1 -1 -1 -1 -1 -1 -1 -1
0 0.842285 0.849354 0.024414 0.060258 -1 -1 -1 -1 -1 -1 -1 -1 -1 -1
0 0.877441 0.860832 0.026367 0.051650 -1 -1 -1 -1 -1 -1 -1 -1 -1 -1
0 0.923828 0.834290 0.021484 0.044476 -1 -1 -1 -1 -1 -1 -1 -1 -1 -1
0 0.949219 0.977762 0.027344 0.044476 -1 -1 -1 -1 -1 -1 -1 -1 -1 -1
0 0.980469 0.822812 0.015625 0.032999 -1 -1 -1 -1 -1 -1 -1 -1 -1 -1
0 0.112793 0.930416 0.026367 0.053085 -1 -1 -1 -1 -1 -1 -1 -1 -1 -1
0 0.153320 0.829268 0.017578 0.037303 -1 -1 -1 -1 -1 -1 -1 -1 -1 -1
0 0.208008 0.917504 0.021484 0.038737 -1 -1 -1 -1 -1 -1 -1 -1 -1 -1
0 0.215820 0.873027 0.015625 0.032999 -1 -1 -1 -1 -1 -1 -1 -1 -1 -1
0 0.176758 0.812052 0.017578 0.034433 -1 -1 -1 -1 -1 -1 -1 -1 -1 -1