0 0.059082 0.331865 0.036133 0.091043 -1 -1 -1 -1 -1 -1 -1 -1 -1 -1
0 0.118164 0.348018 0.029297 0.061674 -1 -1 -1 -1 -1 -1 -1 -1 -1 -1
0 0.161621 0.364170 0.024414 0.055800 -1 -1 -1 -1 -1 -1 -1 -1 -1 -1
0 0.199219 0.345081 0.027344 0.061674 -1 -1 -1 -1 -1 -1 -1 -1 -1 -1
0 0.305176 0.323789 0.032227 0.118943 -1 -1 -1 -1 -1 -1 -1 -1 -1 -1
0 0.153320 0.320117 0.019531 0.038179 -1 -1 -1 -1 -1 -1 -1 -1 -1 -1
0 0.349121 0.355360 0.012695 0.032305 -1 -1 -1 -1 -1 -1 -1 -1 -1 -1
0 0.388672 0.394273 0.035156 0.066079 -1 -1 -1 -1 -1 -1 -1 -1 -1 -1
0 0.539551 0.395742 0.034180 0.060206 -1 -1 -1 -1 -1 -1 -1 -1 -1 -1
0 0.644531 0.350954 0.017578 0.041116 -1 -1 -1 -1 -1 -1 -1 -1 -1 -1
0 0.735352 0.373715 0.033203 0.069016 -1 -1 -1 -1 -1 -1 -1 -1 -1 -1
0 0.499023 0.390602 0.013672 0.029369 -1 -1 -1 -1 -1 -1 -1 -1 -1 -1
0 0.446777 0.385463 0.016602 0.033774 -1 -1 -1 -1 -1 -1 -1 -1 -1 -1
0 0.529297 0.289280 0.015625 0.026432 -1 -1 -1 -1 -1 -1 -1 -1 -1 -1
0 0.460449 0.295888 0.010742 0.019090 -1 -1 -1 -1 -1 -1 -1 -1 -1 -1
0 0.824707 0.371512 0.018555 0.035242 -1 -1 -1 -1 -1 -1 -1 -1 -1 -1
0 0.942871 0.368576 0.018555 0.044053 -1 -1 -1 -1 -1 -1 -1 -1 -1 -1
0 0.789062 0.375918 0.011719 0.020558 -1 -1 -1 -1 -1 -1 -1 -1 -1 -1