0 0.752441 0.543988 0.055664 0.120235 -1 -1 -1 -1 -1 -1 -1 -1 -1 -1
0 0.837891 0.139296 0.039062 0.079179 -1 -1 -1 -1 -1 -1 -1 -1 -1 -1
0 0.777344 0.178886 0.033203 0.073314 -1 -1 -1 -1 -1 -1 -1 -1 -1 -1
0 0.714355 0.159824 0.036133 0.070381 -1 -1 -1 -1 -1 -1 -1 -1 -1 -1
0 0.641602 0.162023 0.031250 0.068915 -1 -1 -1 -1 -1 -1 -1 -1 -1 -1
0 0.536133 0.184751 0.031250 0.076246 -1 -1 -1 -1 -1 -1 -1 -1 -1 -1
0 0.471191 0.231672 0.026367 0.055718 -1 -1 -1 -1 -1 -1 -1 -1 -1 -1
0 0.394043 0.325513 0.020508 0.041056 -1 -1 -1 -1 -1 -1 -1 -1 -1 -1
0 0.350098 0.323314 0.018555 0.027859 -1 -1 -1 -1 -1 -1 -1 -1 -1 -1
0 0.304199 0.373167 0.014648 0.030792 -1 -1 -1 -1 -1 -1 -1 -1 -1 -1
0 0.174805 0.439883 0.011719 0.023460 -1 -1 -1 -1 -1 -1 -1 -1 -1 -1
0 0.277344 0.377566 0.013672 0.030792 -1 -1 -1 -1 -1 -1 -1 -1 -1 -1
0 0.051270 0.486804 0.008789 0.017595 -1 -1 -1 -1 -1 -1 -1 -1 -1 -1