0 0.234863 0.345315 0.018555 0.046213 -1 -1 -1 -1 -1 -1 -1 -1 -1 -1
0 0.290527 0.265083 0.016602 0.029525 -1 -1 -1 -1 -1 -1 -1 -1 -1 -1
0 0.511719 0.562901 0.019531 0.037227 -1 -1 -1 -1 -1 -1 -1 -1 -1 -1
0 0.820312 0.390244 0.039062 0.079589 -1 -1 -1 -1 -1 -1 -1 -1 -1 -1
0 0.467285 0.325417 0.020508 0.032092 -1 -1 -1 -1 -1 -1 -1 -1 -1 -1
0 0.378418 0.331194 0.018555 0.030809 -1 -1 -1 -1 -1 -1 -1 -1 -1 -1
0 0.449219 0.257381 0.021484 0.034660 -1 -1 -1 -1 -1 -1 -1 -1 -1 -1
0 0.583984 0.248395 0.019531 0.029525 -1 -1 -1 -1 -1 -1 -1 -1 -1 -1
0 0.651855 0.313864 0.026367 0.032092 -1 -1 -1 -1 -1 -1 -1 -1 -1 -1
0 0.708984 0.301669 0.021484 0.041078 -1 -1 -1 -1 -1 -1 -1 -1 -1 -1
0 0.120605 0.408858 0.012695 0.039795 -1 -1 -1 -1 -1 -1 -1 -1 -1 -1
0 0.138672 0.383184 0.017578 0.026958 -1 -1 -1 -1 -1 -1 -1 -1 -1 -1