0 0.791992 0.210102 0.050781 0.101025 -1 -1 -1 -1 -1 -1 -1 -1 -1 -1
0 0.669922 0.274524 0.019531 0.060029 -1 -1 -1 -1 -1 -1 -1 -1 -1 -1
0 0.615723 0.249634 0.028320 0.060029 -1 -1 -1 -1 -1 -1 -1 -1 -1 -1
0 0.575195 0.268668 0.021484 0.039531 -1 -1 -1 -1 -1 -1 -1 -1 -1 -1
0 0.530762 0.257687 0.008789 0.020498 -1 -1 -1 -1 -1 -1 -1 -1 -1 -1
0 0.545410 0.272328 0.008789 0.020498 -1 -1 -1 -1 -1 -1 -1 -1 -1 -1
0 0.502441 0.278184 0.006836 0.014641 -1 -1 -1 -1 -1 -1 -1 -1 -1 -1
0 0.460938 0.267204 0.009766 0.019034 -1 -1 -1 -1 -1 -1 -1 -1 -1 -1
0 0.445312 0.261347 0.007812 0.013177 -1 -1 -1 -1 -1 -1 -1 -1 -1 -1
0 0.755859 0.235725 0.027344 0.076135 -1 -1 -1 -1 -1 -1 -1 -1 -1 -1
0 0.161133 0.326501 0.029297 0.070278 -1 -1 -1 -1 -1 -1 -1 -1 -1 -1