0 0.464844 0.152513 0.154297 0.280763 -1 -1 -1 -1 -1 -1 -1 -1 -1 -1
0 0.708496 0.168111 0.040039 0.072790 -1 -1 -1 -1 -1 -1 -1 -1 -1 -1
0 0.818848 0.209705 0.038086 0.086655 -1 -1 -1 -1 -1 -1 -1 -1 -1 -1
0 0.905762 0.165511 0.059570 0.129983 -1 -1 -1 -1 -1 -1 -1 -1 -1 -1
0 0.948242 0.233969 0.041016 0.090121 -1 -1 -1 -1 -1 -1 -1 -1 -1 -1
0 0.637207 0.179376 0.026367 0.050260 -1 -1 -1 -1 -1 -1 -1 -1 -1 -1
0 0.374512 0.198440 0.012695 0.036395 -1 -1 -1 -1 -1 -1 -1 -1 -1 -1
0 0.167969 0.199307 0.009766 0.020797 -1 -1 -1 -1 -1 -1 -1 -1 -1 -1
0 0.253906 0.186308 0.011719 0.036395 -1 -1 -1 -1 -1 -1 -1 -1 -1 -1
0 0.310059 0.174177 0.012695 0.029463 -1 -1 -1 -1 -1 -1 -1 -1 -1 -1
0 0.222168 0.198440 0.010742 0.025997 -1 -1 -1 -1 -1 -1 -1 -1 -1 -1
0 0.741699 0.194974 0.022461 0.064125 -1 -1 -1 -1 -1 -1 -1 -1 -1 -1