0 0.904785 0.369012 0.030273 0.049401 -1 -1 -1 -1 -1 -1 -1 -1 -1 -1
0 0.796387 0.368263 0.028320 0.044910 -1 -1 -1 -1 -1 -1 -1 -1 -1 -1
0 0.709961 0.357036 0.029297 0.058383 -1 -1 -1 -1 -1 -1 -1 -1 -1 -1
0 0.650391 0.352545 0.021484 0.052395 -1 -1 -1 -1 -1 -1 -1 -1 -1 -1
0 0.631348 0.376497 0.024414 0.046407 -1 -1 -1 -1 -1 -1 -1 -1 -1 -1
0 0.534668 0.395210 0.030273 0.056886 -1 -1 -1 -1 -1 -1 -1 -1 -1 -1
0 0.488281 0.439371 0.029297 0.064371 -1 -1 -1 -1 -1 -1 -1 -1 -1 -1
0 0.446777 0.338323 0.028320 0.053892 -1 -1 -1 -1 -1 -1 -1 -1 -1 -1
0 0.430664 0.420659 0.029297 0.053892 -1 -1 -1 -1 -1 -1 -1 -1 -1 -1
0 0.219238 0.380240 0.030273 0.062874 -1 -1 -1 -1 -1 -1 -1 -1 -1 -1
0 0.327637 0.387725 0.030273 0.056886 -1 -1 -1 -1 -1 -1 -1 -1 -1 -1