0 0.676270 0.174574 0.038086 0.062044 -1 -1 -1 -1 -1 -1 -1 -1 -1 -1
0 0.643066 0.164234 0.036133 0.060827 -1 -1 -1 -1 -1 -1 -1 -1 -1 -1
0 0.613281 0.155718 0.031250 0.053528 -1 -1 -1 -1 -1 -1 -1 -1 -1 -1
0 0.578125 0.138078 0.031250 0.045012 -1 -1 -1 -1 -1 -1 -1 -1 -1 -1
0 0.579102 0.060219 0.025391 0.037713 -1 -1 -1 -1 -1 -1 -1 -1 -1 -1
0 0.546875 0.116180 0.029297 0.045012 -1 -1 -1 -1 -1 -1 -1 -1 -1 -1
0 0.522461 0.099757 0.027344 0.048662 -1 -1 -1 -1 -1 -1 -1 -1 -1 -1
0 0.501953 0.077251 0.027344 0.045012 -1 -1 -1 -1 -1 -1 -1 -1 -1 -1
0 0.465332 0.054136 0.028320 0.042579 -1 -1 -1 -1 -1 -1 -1 -1 -1 -1
0 0.458984 0.082725 0.027344 0.043796 -1 -1 -1 -1 -1 -1 -1 -1 -1 -1
0 0.440918 0.104015 0.030273 0.052311 -1 -1 -1 -1 -1 -1 -1 -1 -1 -1
0 0.414551 0.110097 0.028320 0.054745 -1 -1 -1 -1 -1 -1 -1 -1 -1 -1
0 0.379883 0.048662 0.025391 0.036496 -1 -1 -1 -1 -1 -1 -1 -1 -1 -1
0 0.387207 0.131387 0.034180 0.058394 -1 -1 -1 -1 -1 -1 -1 -1 -1 -1
0 0.352539 0.147810 0.037109 0.054745 -1 -1 -1 -1 -1 -1 -1 -1 -1 -1
0 0.315918 0.180049 0.036133 0.060827 -1 -1 -1 -1 -1 -1 -1 -1 -1 -1
0 0.498047 0.277372 0.042969 0.063260 -1 -1 -1 -1 -1 -1 -1 -1 -1 -1
0 0.277832 0.200122 0.040039 0.064477 -1 -1 -1 -1 -1 -1 -1 -1 -1 -1
0 0.224121 0.229927 0.041992 0.063260 -1 -1 -1 -1 -1 -1 -1 -1 -1 -1
0 0.117676 0.225669 0.051758 0.069343 -1 -1 -1 -1 -1 -1 -1 -1 -1 -1
0 0.802246 0.268856 0.049805 0.070560 -1 -1 -1 -1 -1 -1 -1 -1 -1 -1
0 0.739258 0.213504 0.039062 0.062044 -1 -1 -1 -1 -1 -1 -1 -1 -1 -1