0 0.925293 0.364568 0.057617 0.122987 -1 -1 -1 -1 -1 -1 -1 -1 -1 -1
0 0.760742 0.367496 0.056641 0.120059 -1 -1 -1 -1 -1 -1 -1 -1 -1 -1
0 0.807129 0.162518 0.057617 0.131772 -1 -1 -1 -1 -1 -1 -1 -1 -1 -1
0 0.961914 0.145681 0.054688 0.118594 -1 -1 -1 -1 -1 -1 -1 -1 -1 -1
0 0.629883 0.345534 0.062500 0.122987 -1 -1 -1 -1 -1 -1 -1 -1 -1 -1
0 0.628418 0.185212 0.063477 0.115666 -1 -1 -1 -1 -1 -1 -1 -1 -1 -1
0 0.517578 0.332357 0.054688 0.140556 -1 -1 -1 -1 -1 -1 -1 -1 -1 -1
0 0.470703 0.133968 0.056641 0.133236 -1 -1 -1 -1 -1 -1 -1 -1 -1 -1
0 0.966309 0.888726 0.061523 0.122987 -1 -1 -1 -1 -1 -1 -1 -1 -1 -1
0 0.796387 0.889458 0.061523 0.118594 -1 -1 -1 -1 -1 -1 -1 -1 -1 -1
0 0.401367 0.515373 0.054688 0.090776 -1 -1 -1 -1 -1 -1 -1 -1 -1 -1
0 0.357422 0.323572 0.056641 0.125915 -1 -1 -1 -1 -1 -1 -1 -1 -1 -1
0 0.370605 0.056369 0.057617 0.106881 -1 -1 -1 -1 -1 -1 -1 -1 -1 -1
0 0.795898 0.041728 0.062500 0.080527 -1 -1 -1 -1 -1 -1 -1 -1 -1 -1
0 0.219238 0.433382 0.053711 0.111274 -1 -1 -1 -1 -1 -1 -1 -1 -1 -1
0 0.244629 0.109078 0.059570 0.112738 -1 -1 -1 -1 -1 -1 -1 -1 -1 -1
0 0.135742 0.446559 0.056641 0.105417 -1 -1 -1 -1 -1 -1 -1 -1 -1 -1
0 0.071289 0.046852 0.056641 0.093704 -1 -1 -1 -1 -1 -1 -1 -1 -1 -1
0 0.974609 0.016837 0.046875 0.030747 -1 -1 -1 -1 -1 -1 -1 -1 -1 -1