0 0.773926 0.188596 0.020508 0.035088 -1 -1 -1 -1 -1 -1 -1 -1 -1 -1
0 0.682617 0.196637 0.019531 0.036550 -1 -1 -1 -1 -1 -1 -1 -1 -1 -1
0 0.371582 0.151316 0.018555 0.033626 -1 -1 -1 -1 -1 -1 -1 -1 -1 -1
0 0.334961 0.176170 0.015625 0.027778 -1 -1 -1 -1 -1 -1 -1 -1 -1 -1
0 0.266602 0.182018 0.015625 0.030702 -1 -1 -1 -1 -1 -1 -1 -1 -1 -1
0 0.234863 0.201023 0.016602 0.033626 -1 -1 -1 -1 -1 -1 -1 -1 -1 -1
0 0.224121 0.161550 0.014648 0.024854 -1 -1 -1 -1 -1 -1 -1 -1 -1 -1
0 0.112793 0.201754 0.016602 0.029240 -1 -1 -1 -1 -1 -1 -1 -1 -1 -1
0 0.058105 0.130117 0.016602 0.032164 -1 -1 -1 -1 -1 -1 -1 -1 -1 -1
0 0.017578 0.381579 0.017578 0.035088 -1 -1 -1 -1 -1 -1 -1 -1 -1 -1
0 0.861816 0.236842 0.016602 0.035088 -1 -1 -1 -1 -1 -1 -1 -1 -1 -1