0 0.038574 0.181677 0.032227 0.059006 -1 -1 -1 -1 -1 -1 -1 -1 -1 -1
0 0.010742 0.192547 0.021484 0.049689 -1 -1 -1 -1 -1 -1 -1 -1 -1 -1
0 0.096680 0.203416 0.011719 0.021739 -1 -1 -1 -1 -1 -1 -1 -1 -1 -1
0 0.063477 0.196429 0.009766 0.017081 -1 -1 -1 -1 -1 -1 -1 -1 -1 -1
0 0.115234 0.214286 0.007812 0.015528 -1 -1 -1 -1 -1 -1 -1 -1 -1 -1
0 0.125977 0.216615 0.007812 0.017081 -1 -1 -1 -1 -1 -1 -1 -1 -1 -1
0 0.243164 0.241460 0.019531 0.057453 -1 -1 -1 -1 -1 -1 -1 -1 -1 -1
0 0.666992 0.216615 0.023438 0.045031 -1 -1 -1 -1 -1 -1 -1 -1 -1 -1
0 0.852539 0.187112 0.031250 0.066770 -1 -1 -1 -1 -1 -1 -1 -1 -1 -1
0 0.904297 0.190994 0.027344 0.065217 -1 -1 -1 -1 -1 -1 -1 -1 -1 -1
0 0.718262 0.230590 0.030273 0.088509 -1 -1 -1 -1 -1 -1 -1 -1 -1 -1
0 0.744141 0.132764 0.025391 0.066770 -1 -1 -1 -1 -1 -1 -1 -1 -1 -1