0 0.464844 0.674672 0.091797 0.088792 -1 -1 -1 -1 -1 -1 -1 -1 -1 -1
0 0.122559 0.296943 0.088867 0.154294 -1 -1 -1 -1 -1 -1 -1 -1 -1 -1
0 0.250000 0.181951 0.083984 0.145560 -1 -1 -1 -1 -1 -1 -1 -1 -1 -1
0 0.295410 0.161572 0.020508 0.049491 -1 -1 -1 -1 -1 -1 -1 -1 -1 -1
0 0.391113 0.093159 0.040039 0.069869 -1 -1 -1 -1 -1 -1 -1 -1 -1 -1
0 0.492188 0.149199 0.070312 0.132460 -1 -1 -1 -1 -1 -1 -1 -1 -1 -1
0 0.586426 0.087336 0.022461 0.040757 -1 -1 -1 -1 -1 -1 -1 -1 -1 -1
0 0.670898 0.043668 0.029297 0.046579 -1 -1 -1 -1 -1 -1 -1 -1 -1 -1
0 0.832031 0.069141 0.029297 0.048035 -1 -1 -1 -1 -1 -1 -1 -1 -1 -1
0 0.862305 0.093886 0.039062 0.056769 -1 -1 -1 -1 -1 -1 -1 -1 -1 -1
0 0.028320 0.242358 0.017578 0.027656 -1 -1 -1 -1 -1 -1 -1 -1 -1 -1