0 0.052246 0.235766 0.045898 0.080292 -1 -1 -1 -1 -1 -1 -1 -1 -1 -1
0 0.118652 0.239416 0.043945 0.090511 -1 -1 -1 -1 -1 -1 -1 -1 -1 -1
0 0.168945 0.197810 0.044922 0.089051 -1 -1 -1 -1 -1 -1 -1 -1 -1 -1
0 0.260742 0.238686 0.025391 0.077372 -1 -1 -1 -1 -1 -1 -1 -1 -1 -1
0 0.324219 0.221168 0.031250 0.048175 -1 -1 -1 -1 -1 -1 -1 -1 -1 -1
0 0.286133 0.331387 0.033203 0.075912 -1 -1 -1 -1 -1 -1 -1 -1 -1 -1
0 0.377441 0.259124 0.041992 0.077372 -1 -1 -1 -1 -1 -1 -1 -1 -1 -1
0 0.508789 0.170073 0.046875 0.097810 -1 -1 -1 -1 -1 -1 -1 -1 -1 -1
0 0.586426 0.227737 0.041992 0.075912 -1 -1 -1 -1 -1 -1 -1 -1 -1 -1
0 0.737305 0.256934 0.041016 0.072993 -1 -1 -1 -1 -1 -1 -1 -1 -1 -1
0 0.742676 0.157664 0.040039 0.078832 -1 -1 -1 -1 -1 -1 -1 -1 -1 -1