0 0.039551 0.030792 0.038086 0.061584 -1 -1 -1 -1 -1 -1 -1 -1 -1 -1
0 0.114258 0.056452 0.037109 0.060117 -1 -1 -1 -1 -1 -1 -1 -1 -1 -1
0 0.168457 0.088710 0.041992 0.086510 -1 -1 -1 -1 -1 -1 -1 -1 -1 -1
0 0.226074 0.039589 0.026367 0.055718 -1 -1 -1 -1 -1 -1 -1 -1 -1 -1
0 0.273926 0.069648 0.016602 0.039589 -1 -1 -1 -1 -1 -1 -1 -1 -1 -1
0 0.360840 0.041789 0.051758 0.083578 -1 -1 -1 -1 -1 -1 -1 -1 -1 -1
0 0.200684 0.242669 0.118164 0.236070 -1 -1 -1 -1 -1 -1 -1 -1 -1 -1
0 0.594238 0.258065 0.120117 0.258065 -1 -1 -1 -1 -1 -1 -1 -1 -1 -1
0 0.798340 0.148094 0.129883 0.243402 -1 -1 -1 -1 -1 -1 -1 -1 -1 -1
0 0.900879 0.121701 0.053711 0.099707 -1 -1 -1 -1 -1 -1 -1 -1 -1 -1
0 0.932129 0.152493 0.028320 0.061584 -1 -1 -1 -1 -1 -1 -1 -1 -1 -1
0 0.967285 0.134897 0.022461 0.046921 -1 -1 -1 -1 -1 -1 -1 -1 -1 -1
0 0.988281 0.147361 0.023438 0.063050 -1 -1 -1 -1 -1 -1 -1 -1 -1 -1
0 0.967773 0.068182 0.023438 0.039589 -1 -1 -1 -1 -1 -1 -1 -1 -1 -1
0 0.850586 0.045455 0.029297 0.079179 -1 -1 -1 -1 -1 -1 -1 -1 -1 -1
0 0.697754 0.071848 0.026367 0.049853 -1 -1 -1 -1 -1 -1 -1 -1 -1 -1
0 0.671387 0.074047 0.022461 0.039589 -1 -1 -1 -1 -1 -1 -1 -1 -1 -1
0 0.711426 0.025660 0.036133 0.048387 -1 -1 -1 -1 -1 -1 -1 -1 -1 -1
0 0.616211 0.110704 0.085938 0.148094 -1 -1 -1 -1 -1 -1 -1 -1 -1 -1
0 0.545898 0.057185 0.033203 0.070381 -1 -1 -1 -1 -1 -1 -1 -1 -1 -1
0 0.519531 0.050587 0.013672 0.027859 -1 -1 -1 -1 -1 -1 -1 -1 -1 -1
0 0.403320 0.046188 0.037109 0.077713 -1 -1 -1 -1 -1 -1 -1 -1 -1 -1