0 0.031738 0.086384 0.018555 0.035139 -1 -1 -1 -1 -1 -1 -1 -1 -1 -1
0 0.114746 0.091508 0.010742 0.016105 -1 -1 -1 -1 -1 -1 -1 -1 -1 -1
0 0.151855 0.087116 0.024414 0.042460 -1 -1 -1 -1 -1 -1 -1 -1 -1 -1
0 0.183105 0.088580 0.010742 0.019034 -1 -1 -1 -1 -1 -1 -1 -1 -1 -1
0 0.210449 0.101025 0.024414 0.043924 -1 -1 -1 -1 -1 -1 -1 -1 -1 -1
0 0.208496 0.051245 0.008789 0.011713 -1 -1 -1 -1 -1 -1 -1 -1 -1 -1
0 0.245605 0.079795 0.022461 0.042460 -1 -1 -1 -1 -1 -1 -1 -1 -1 -1
0 0.274902 0.087848 0.028320 0.046852 -1 -1 -1 -1 -1 -1 -1 -1 -1 -1
0 0.311523 0.103221 0.009766 0.024890 -1 -1 -1 -1 -1 -1 -1 -1 -1 -1
0 0.320801 0.087116 0.012695 0.024890 -1 -1 -1 -1 -1 -1 -1 -1 -1 -1
0 0.310547 0.064422 0.013672 0.029283 -1 -1 -1 -1 -1 -1 -1 -1 -1 -1
0 0.347168 0.163250 0.018555 0.033675 -1 -1 -1 -1 -1 -1 -1 -1 -1 -1
0 0.383789 0.072474 0.037109 0.065886 -1 -1 -1 -1 -1 -1 -1 -1 -1 -1
0 0.426270 0.094436 0.024414 0.048316 -1 -1 -1 -1 -1 -1 -1 -1 -1 -1
0 0.528809 0.179356 0.034180 0.095168 -1 -1 -1 -1 -1 -1 -1 -1 -1 -1
0 0.548828 0.200586 0.044922 0.099561 -1 -1 -1 -1 -1 -1 -1 -1 -1 -1
0 0.583008 0.195461 0.021484 0.062958 -1 -1 -1 -1 -1 -1 -1 -1 -1 -1
0 0.596680 0.159590 0.033203 0.067350 -1 -1 -1 -1 -1 -1 -1 -1 -1 -1
0 0.600586 0.224012 0.042969 0.067350 -1 -1 -1 -1 -1 -1 -1 -1 -1 -1
0 0.667969 0.174231 0.035156 0.070278 -1 -1 -1 -1 -1 -1 -1 -1 -1 -1
0 0.700684 0.167643 0.028320 0.062958 -1 -1 -1 -1 -1 -1 -1 -1 -1 -1
0 0.757812 0.170571 0.027344 0.060029 -1 -1 -1 -1 -1 -1 -1 -1 -1 -1
0 0.782227 0.173499 0.033203 0.054173 -1 -1 -1 -1 -1 -1 -1 -1 -1 -1
0 0.863770 0.179356 0.040039 0.077599 -1 -1 -1 -1 -1 -1 -1 -1 -1 -1
0 0.839355 0.237921 0.028320 0.048316 -1 -1 -1 -1 -1 -1 -1 -1 -1 -1
0 0.758301 0.289898 0.041992 0.058565 -1 -1 -1 -1 -1 -1 -1 -1 -1 -1
0 0.914062 0.125915 0.072266 0.122987 -1 -1 -1 -1 -1 -1 -1 -1 -1 -1
0 0.970703 0.117130 0.025391 0.040996 -1 -1 -1 -1 -1 -1 -1 -1 -1 -1
0 0.994629 0.131772 0.010742 0.032211 -1 -1 -1 -1 -1 -1 -1 -1 -1 -1
0 0.993652 0.169107 0.010742 0.030747 -1 -1 -1 -1 -1 -1 -1 -1 -1 -1