0 0.451660 0.152005 0.057617 0.053040 -1 -1 -1 -1 -1 -1 -1 -1 -1 -1
0 0.289551 0.317594 0.043945 0.073739 -1 -1 -1 -1 -1 -1 -1 -1 -1 -1
0 0.124512 0.065330 0.092773 0.130660 -1 -1 -1 -1 -1 -1 -1 -1 -1 -1
0 0.782715 0.194696 0.034180 0.058215 -1 -1 -1 -1 -1 -1 -1 -1 -1 -1
0 0.897949 0.148771 0.045898 0.082794 -1 -1 -1 -1 -1 -1 -1 -1 -1 -1
0 0.971191 0.195343 0.057617 0.170763 -1 -1 -1 -1 -1 -1 -1 -1 -1 -1
0 0.850586 0.199871 0.033203 0.055627 -1 -1 -1 -1 -1 -1 -1 -1 -1 -1
0 0.545898 0.342173 0.035156 0.068564 -1 -1 -1 -1 -1 -1 -1 -1 -1 -1
0 0.396973 0.486417 0.041992 0.033635 -1 -1 -1 -1 -1 -1 -1 -1 -1 -1
0 0.721680 0.709573 0.064453 0.068564 -1 -1 -1 -1 -1 -1 -1 -1 -1 -1
0 0.611816 0.474127 0.051758 0.055627 -1 -1 -1 -1 -1 -1 -1 -1 -1 -1
0 0.218750 0.052393 0.013672 0.021992 -1 -1 -1 -1 -1 -1 -1 -1 -1 -1