0 0.848633 0.254730 0.046875 0.082432 -1 -1 -1 -1 -1 -1 -1 -1 -1 -1
0 0.814941 0.290541 0.038086 0.067568 -1 -1 -1 -1 -1 -1 -1 -1 -1 -1
0 0.697754 0.208784 0.041992 0.071622 -1 -1 -1 -1 -1 -1 -1 -1 -1 -1
0 0.593750 0.267568 0.048828 0.081081 -1 -1 -1 -1 -1 -1 -1 -1 -1 -1
0 0.449707 0.260811 0.026367 0.040541 -1 -1 -1 -1 -1 -1 -1 -1 -1 -1
0 0.368652 0.202703 0.041992 0.075676 -1 -1 -1 -1 -1 -1 -1 -1 -1 -1
0 0.327148 0.243919 0.019531 0.036486 -1 -1 -1 -1 -1 -1 -1 -1 -1 -1
0 0.291016 0.220270 0.019531 0.032432 -1 -1 -1 -1 -1 -1 -1 -1 -1 -1
0 0.251465 0.180405 0.049805 0.082432 -1 -1 -1 -1 -1 -1 -1 -1 -1 -1
0 0.163086 0.152703 0.033203 0.051351 -1 -1 -1 -1 -1 -1 -1 -1 -1 -1
0 0.105957 0.210135 0.020508 0.033784 -1 -1 -1 -1 -1 -1 -1 -1 -1 -1
0 0.080078 0.214189 0.021484 0.033784 -1 -1 -1 -1 -1 -1 -1 -1 -1 -1
0 0.075195 0.179054 0.019531 0.028378 -1 -1 -1 -1 -1 -1 -1 -1 -1 -1
0 0.026367 0.196622 0.029297 0.055405 -1 -1 -1 -1 -1 -1 -1 -1 -1 -1
0 0.043457 0.179730 0.020508 0.045946 -1 -1 -1 -1 -1 -1 -1 -1 -1 -1
0 0.992188 0.205405 0.015625 0.043243 -1 -1 -1 -1 -1 -1 -1 -1 -1 -1
0 0.908203 0.270270 0.019531 0.040541 -1 -1 -1 -1 -1 -1 -1 -1 -1 -1
0 0.817871 0.224324 0.038086 0.059459 -1 -1 -1 -1 -1 -1 -1 -1 -1 -1
0 0.421387 0.221622 0.012695 0.024324 -1 -1 -1 -1 -1 -1 -1 -1 -1 -1