0 0.108887 0.331380 0.016602 0.035156 -1 -1 -1 -1 -1 -1 -1 -1 -1 -1
0 0.162598 0.339193 0.014648 0.029948 -1 -1 -1 -1 -1 -1 -1 -1 -1 -1
0 0.374023 0.369141 0.015625 0.029948 -1 -1 -1 -1 -1 -1 -1 -1 -1 -1
0 0.626953 0.383464 0.013672 0.024740 -1 -1 -1 -1 -1 -1 -1 -1 -1 -1
0 0.719727 0.399089 0.011719 0.022135 -1 -1 -1 -1 -1 -1 -1 -1 -1 -1
0 0.810547 0.385417 0.005859 0.020833 -1 -1 -1 -1 -1 -1 -1 -1 -1 -1
0 0.819824 0.311849 0.040039 0.095052 -1 -1 -1 -1 -1 -1 -1 -1 -1 -1
0 0.899902 0.396484 0.040039 0.076823 -1 -1 -1 -1 -1 -1 -1 -1 -1 -1
0 0.938477 0.276042 0.025391 0.106771 -1 -1 -1 -1 -1 -1 -1 -1 -1 -1
0 0.656250 0.380208 0.009766 0.028646 -1 -1 -1 -1 -1 -1 -1 -1 -1 -1
0 0.223633 0.344401 0.019531 0.027344 -1 -1 -1 -1 -1 -1 -1 -1 -1 -1