0 0.382812 0.015831 0.046875 0.031662 -1 -1 -1 -1 -1 -1 -1 -1 -1 -1
0 0.484863 0.014512 0.043945 0.029024 -1 -1 -1 -1 -1 -1 -1 -1 -1 -1
0 0.660156 0.036939 0.048828 0.073879 -1 -1 -1 -1 -1 -1 -1 -1 -1 -1
0 0.723633 0.025066 0.048828 0.050132 -1 -1 -1 -1 -1 -1 -1 -1 -1 -1
0 0.512695 0.163588 0.066406 0.113456 -1 -1 -1 -1 -1 -1 -1 -1 -1 -1
0 0.431152 0.189974 0.061523 0.108179 -1 -1 -1 -1 -1 -1 -1 -1 -1 -1
0 0.262695 0.153694 0.062500 0.109499 -1 -1 -1 -1 -1 -1 -1 -1 -1 -1
0 0.183105 0.069261 0.045898 0.083113 -1 -1 -1 -1 -1 -1 -1 -1 -1 -1
0 0.184082 0.268470 0.061523 0.106860 -1 -1 -1 -1 -1 -1 -1 -1 -1 -1
0 0.706055 0.213061 0.058594 0.096306 -1 -1 -1 -1 -1 -1 -1 -1 -1 -1
0 0.816895 0.152375 0.040039 0.120053 -1 -1 -1 -1 -1 -1 -1 -1 -1 -1
0 0.946289 0.094987 0.056641 0.097625 -1 -1 -1 -1 -1 -1 -1 -1 -1 -1