0 0.831543 0.421144 0.055664 0.124783 -1 -1 -1 -1 -1 -1 -1 -1 -1 -1
0 0.645020 0.493068 0.059570 0.133449 -1 -1 -1 -1 -1 -1 -1 -1 -1 -1
0 0.954590 0.548527 0.049805 0.112652 -1 -1 -1 -1 -1 -1 -1 -1 -1 -1
0 0.982910 0.404679 0.034180 0.136915 -1 -1 -1 -1 -1 -1 -1 -1 -1 -1
0 0.451660 0.659445 0.053711 0.119584 -1 -1 -1 -1 -1 -1 -1 -1 -1 -1
0 0.155273 0.551993 0.037109 0.091854 -1 -1 -1 -1 -1 -1 -1 -1 -1 -1
0 0.157227 0.479203 0.044922 0.105719 -1 -1 -1 -1 -1 -1 -1 -1 -1 -1
0 0.017578 0.570191 0.035156 0.093588 -1 -1 -1 -1 -1 -1 -1 -1 -1 -1
0 0.270020 0.924610 0.040039 0.112652 -1 -1 -1 -1 -1 -1 -1 -1 -1 -1
0 0.887207 0.710572 0.041992 0.142114 -1 -1 -1 -1 -1 -1 -1 -1 -1 -1
0 0.764160 0.585789 0.049805 0.135182 -1 -1 -1 -1 -1 -1 -1 -1 -1 -1