0 0.865234 0.037716 0.031250 0.075431 -1 -1 -1 -1 -1 -1 -1 -1 -1 -1
0 0.974121 0.056034 0.022461 0.064655 -1 -1 -1 -1 -1 -1 -1 -1 -1 -1
0 0.794434 0.238147 0.016602 0.040948 -1 -1 -1 -1 -1 -1 -1 -1 -1 -1
0 0.701660 0.239224 0.036133 0.094828 -1 -1 -1 -1 -1 -1 -1 -1 -1 -1
0 0.654785 0.375000 0.022461 0.073276 -1 -1 -1 -1 -1 -1 -1 -1 -1 -1
0 0.791016 0.581897 0.054688 0.137931 -1 -1 -1 -1 -1 -1 -1 -1 -1 -1
0 0.558105 0.623922 0.014648 0.049569 -1 -1 -1 -1 -1 -1 -1 -1 -1 -1
0 0.494629 0.581897 0.028320 0.081897 -1 -1 -1 -1 -1 -1 -1 -1 -1 -1
0 0.523926 0.784483 0.028320 0.090517 -1 -1 -1 -1 -1 -1 -1 -1 -1 -1
0 0.528809 0.565733 0.012695 0.049569 -1 -1 -1 -1 -1 -1 -1 -1 -1 -1
0 0.270508 0.676724 0.005859 0.021552 -1 -1 -1 -1 -1 -1 -1 -1 -1 -1
0 0.060059 0.808190 0.041992 0.176724 -1 -1 -1 -1 -1 -1 -1 -1 -1 -1
0 0.364746 0.769397 0.020508 0.051724 -1 -1 -1 -1 -1 -1 -1 -1 -1 -1