0 0.169922 0.244510 0.042969 0.076135 -1 -1 -1 -1 -1 -1 -1 -1 -1 -1
0 0.270020 0.191069 0.041992 0.080527 -1 -1 -1 -1 -1 -1 -1 -1 -1 -1
0 0.374023 0.175695 0.037109 0.073206 -1 -1 -1 -1 -1 -1 -1 -1 -1 -1
0 0.500000 0.137628 0.039062 0.070278 -1 -1 -1 -1 -1 -1 -1 -1 -1 -1
0 0.606445 0.155930 0.041016 0.071742 -1 -1 -1 -1 -1 -1 -1 -1 -1 -1
0 0.711426 0.170571 0.041992 0.086384 -1 -1 -1 -1 -1 -1 -1 -1 -1 -1
0 0.837891 0.198389 0.039062 0.077599 -1 -1 -1 -1 -1 -1 -1 -1 -1 -1
0 0.669922 0.426061 0.037109 0.079063 -1 -1 -1 -1 -1 -1 -1 -1 -1 -1
0 0.585938 0.384334 0.044922 0.074671 -1 -1 -1 -1 -1 -1 -1 -1 -1 -1
0 0.498535 0.374085 0.040039 0.071742 -1 -1 -1 -1 -1 -1 -1 -1 -1 -1
0 0.385254 0.382138 0.041992 0.084919 -1 -1 -1 -1 -1 -1 -1 -1 -1 -1
0 0.299805 0.423133 0.037109 0.070278 -1 -1 -1 -1 -1 -1 -1 -1 -1 -1