0 0.130371 0.428258 0.055664 0.109810 -1 -1 -1 -1 -1 -1 -1 -1 -1 -1
0 0.191895 0.450220 0.049805 0.101025 -1 -1 -1 -1 -1 -1 -1 -1 -1 -1
0 0.207031 0.169839 0.042969 0.079063 -1 -1 -1 -1 -1 -1 -1 -1 -1 -1
0 0.312012 0.166911 0.045898 0.070278 -1 -1 -1 -1 -1 -1 -1 -1 -1 -1
0 0.334961 0.429722 0.046875 0.098097 -1 -1 -1 -1 -1 -1 -1 -1 -1 -1
0 0.451660 0.446559 0.047852 0.090776 -1 -1 -1 -1 -1 -1 -1 -1 -1 -1
0 0.495117 0.314056 0.056641 0.089312 -1 -1 -1 -1 -1 -1 -1 -1 -1 -1
0 0.602051 0.237921 0.045898 0.089312 -1 -1 -1 -1 -1 -1 -1 -1 -1 -1
0 0.720215 0.173499 0.045898 0.077599 -1 -1 -1 -1 -1 -1 -1 -1 -1 -1
0 0.792480 0.367496 0.047852 0.087848 -1 -1 -1 -1 -1 -1 -1 -1 -1 -1
0 0.682129 0.435578 0.047852 0.092240 -1 -1 -1 -1 -1 -1 -1 -1 -1 -1
0 0.530762 0.515373 0.041992 0.090776 -1 -1 -1 -1 -1 -1 -1 -1 -1 -1