0 0.211426 0.192776 0.030273 0.028409 -1 -1 -1 -1 -1 -1 -1 -1 -1 -1
0 0.282715 0.193994 0.030273 0.035714 -1 -1 -1 -1 -1 -1 -1 -1 -1 -1
0 0.313477 0.169237 0.031250 0.033279 -1 -1 -1 -1 -1 -1 -1 -1 -1 -1
0 0.343750 0.208604 0.027344 0.025974 -1 -1 -1 -1 -1 -1 -1 -1 -1 -1
0 0.446777 0.185065 0.034180 0.034091 -1 -1 -1 -1 -1 -1 -1 -1 -1 -1
0 0.479004 0.183442 0.028320 0.030844 -1 -1 -1 -1 -1 -1 -1 -1 -1 -1
0 0.527832 0.176542 0.030273 0.028409 -1 -1 -1 -1 -1 -1 -1 -1 -1 -1
0 0.568848 0.198864 0.030273 0.032468 -1 -1 -1 -1 -1 -1 -1 -1 -1 -1
0 0.610840 0.192776 0.030273 0.030032 -1 -1 -1 -1 -1 -1 -1 -1 -1 -1
0 0.407715 0.142857 0.026367 0.027597 -1 -1 -1 -1 -1 -1 -1 -1 -1 -1
0 0.025879 0.637175 0.036133 0.043831 -1 -1 -1 -1 -1 -1 -1 -1 -1 -1
0 0.844238 0.632711 0.032227 0.036526 -1 -1 -1 -1 -1 -1 -1 -1 -1 -1