0 0.793457 0.482430 0.028320 0.057101 -1 -1 -1 -1 -1 -1 -1 -1 -1 -1
0 0.689453 0.482430 0.029297 0.048316 -1 -1 -1 -1 -1 -1 -1 -1 -1 -1
0 0.581055 0.482430 0.029297 0.048316 -1 -1 -1 -1 -1 -1 -1 -1 -1 -1
0 0.441895 0.489751 0.032227 0.048316 -1 -1 -1 -1 -1 -1 -1 -1 -1 -1
0 0.331543 0.489019 0.032227 0.052709 -1 -1 -1 -1 -1 -1 -1 -1 -1 -1
0 0.178223 0.481698 0.032227 0.052709 -1 -1 -1 -1 -1 -1 -1 -1 -1 -1
0 0.042969 0.479502 0.029297 0.039531 -1 -1 -1 -1 -1 -1 -1 -1 -1 -1
0 0.755371 0.080527 0.024414 0.049780 -1 -1 -1 -1 -1 -1 -1 -1 -1 -1
0 0.668457 0.072474 0.024414 0.045388 -1 -1 -1 -1 -1 -1 -1 -1 -1 -1
0 0.558594 0.078331 0.029297 0.045388 -1 -1 -1 -1 -1 -1 -1 -1 -1 -1
0 0.439941 0.090776 0.028320 0.049780 -1 -1 -1 -1 -1 -1 -1 -1 -1 -1
0 0.321289 0.077599 0.029297 0.046852 -1 -1 -1 -1 -1 -1 -1 -1 -1 -1
0 0.206543 0.076867 0.028320 0.054173 -1 -1 -1 -1 -1 -1 -1 -1 -1 -1
0 0.067871 0.080527 0.028320 0.046852 -1 -1 -1 -1 -1 -1 -1 -1 -1 -1