0 0.231445 0.443631 0.095703 0.169839 -1 -1 -1 -1 -1 -1 -1 -1 -1 -1
0 0.707520 0.494876 0.075195 0.228404 -1 -1 -1 -1 -1 -1 -1 -1 -1 -1
0 0.895996 0.191069 0.100586 0.147877 -1 -1 -1 -1 -1 -1 -1 -1 -1 -1
0 0.696289 0.249634 0.050781 0.095168 -1 -1 -1 -1 -1 -1 -1 -1 -1 -1
0 0.455566 0.373353 0.065430 0.143485 -1 -1 -1 -1 -1 -1 -1 -1 -1 -1
0 0.562500 0.228404 0.052734 0.099561 -1 -1 -1 -1 -1 -1 -1 -1 -1 -1
0 0.511230 0.252562 0.034180 0.062958 -1 -1 -1 -1 -1 -1 -1 -1 -1 -1
0 0.393555 0.239385 0.041016 0.083455 -1 -1 -1 -1 -1 -1 -1 -1 -1 -1
0 0.267090 0.187408 0.075195 0.149341 -1 -1 -1 -1 -1 -1 -1 -1 -1 -1
0 0.106445 0.206442 0.041016 0.064422 -1 -1 -1 -1 -1 -1 -1 -1 -1 -1
0 0.017578 0.303075 0.011719 0.017570 -1 -1 -1 -1 -1 -1 -1 -1 -1 -1
0 0.974121 0.139092 0.051758 0.158126 -1 -1 -1 -1 -1 -1 -1 -1 -1 -1