0 0.191895 0.341512 0.053711 0.110080 -1 -1 -1 -1 -1 -1 -1 -1 -1 -1
0 0.565918 0.870027 0.026367 0.031830 -1 -1 -1 -1 -1 -1 -1 -1 -1 -1
0 0.574219 0.750000 0.017578 0.011936 -1 -1 -1 -1 -1 -1 -1 -1 -1 -1
0 0.579102 0.707560 0.015625 0.014589 -1 -1 -1 -1 -1 -1 -1 -1 -1 -1
0 0.593750 0.429708 0.017578 0.023873 -1 -1 -1 -1 -1 -1 -1 -1 -1 -1
0 0.607910 0.342175 0.018555 0.018568 -1 -1 -1 -1 -1 -1 -1 -1 -1 -1
0 0.536621 0.375332 0.004883 0.007958 -1 -1 -1 -1 -1 -1 -1 -1 -1 -1
0 0.562500 0.386605 0.003906 0.009284 -1 -1 -1 -1 -1 -1 -1 -1 -1 -1
0 0.950684 0.609416 0.022461 0.027851 -1 -1 -1 -1 -1 -1 -1 -1 -1 -1
0 0.914551 0.435676 0.012695 0.017241 -1 -1 -1 -1 -1 -1 -1 -1 -1 -1
0 0.777344 0.333554 0.013672 0.035809 -1 -1 -1 -1 -1 -1 -1 -1 -1 -1
0 0.584961 0.293103 0.005859 0.010610 -1 -1 -1 -1 -1 -1 -1 -1 -1 -1
0 0.886719 0.836870 0.021484 0.013263 -1 -1 -1 -1 -1 -1 -1 -1 -1 -1