0 0.311035 0.264323 0.055664 0.106771 -1 -1 -1 -1 -1 -1 -1 -1 -1 -1
0 0.129883 0.336589 0.052734 0.095052 -1 -1 -1 -1 -1 -1 -1 -1 -1 -1
0 0.363770 0.320964 0.040039 0.071615 -1 -1 -1 -1 -1 -1 -1 -1 -1 -1
0 0.409180 0.391276 0.042969 0.079427 -1 -1 -1 -1 -1 -1 -1 -1 -1 -1
0 0.533203 0.341146 0.041016 0.083333 -1 -1 -1 -1 -1 -1 -1 -1 -1 -1
0 0.838867 0.410156 0.025391 0.041667 -1 -1 -1 -1 -1 -1 -1 -1 -1 -1
0 0.990234 0.363281 0.019531 0.067708 -1 -1 -1 -1 -1 -1 -1 -1 -1 -1
0 0.892090 0.394531 0.032227 0.067708 -1 -1 -1 -1 -1 -1 -1 -1 -1 -1
0 0.701660 0.400391 0.030273 0.066406 -1 -1 -1 -1 -1 -1 -1 -1 -1 -1
0 0.779785 0.441406 0.018555 0.057292 -1 -1 -1 -1 -1 -1 -1 -1 -1 -1
0 0.487305 0.279297 0.091797 0.162760 -1 -1 -1 -1 -1 -1 -1 -1 -1 -1
0 0.919434 0.345703 0.061523 0.108073 -1 -1 -1 -1 -1 -1 -1 -1 -1 -1
0 0.733398 0.397135 0.048828 0.085938 -1 -1 -1 -1 -1 -1 -1 -1 -1 -1
0 0.636230 0.359375 0.040039 0.070312 -1 -1 -1 -1 -1 -1 -1 -1 -1 -1